{"e962580fada84d4fbcb24335a97c407a.clip": {"name": "Take 001", "license": "CC0", "created": "2014-05-21T15:57:45.385246+00:00", "deleted": false, "_readOnly": false, "modified": "2014-05-21T15:57:45.385270+00:00", "dataModelVersion": 2, "channels": {"ec12578c9530480e9781336cfda6229a.channel": {"name": "Bip01 HIPL", "translationSamples": [644, 69, "float32"], "times": [920, 23, "float32"], "rotationSamples": [0, 92, "float32"], "jointIndex": 61, "scaleSamples": [368, 69, "float32"], "blendType": "Linear", "type": "Joint"}, "fe2165f2f39d4689af6dbc99e802219e.channel": {"name": "Bip01 R Clavicle", "translationSamples": [317688, 543, "float32"], "times": [319860, 181, "float32"], "rotationSamples": [312620, 724, "float32"], "jointIndex": 32, "scaleSamples": [315516, 543, "float32"], "blendType": "Linear", "type": "Joint"}, "81514454f4ad4f999c62af2758361813.channel": {"name": "Bip01 R Finger21", "translationSamples": [6080, 543, "float32"], "times": [8252, 181, "float32"], "rotationSamples": [1012, 724, "float32"], "jointIndex": 45, "scaleSamples": [3908, 543, "float32"], "blendType": "Linear", "type": "Joint"}, "18674a4f5b234445bc147cad27a25b48.channel": {"name": "Bip01 Spine", "translationSamples": [15144, 543, "float32"], "times": [17316, 181, "float32"], "rotationSamples": [10076, 724, "float32"], "jointIndex": 2, "scaleSamples": [12972, 543, "float32"], "blendType": "Linear", "type": "Joint"}, "500cea46e630496d9d5cde8829e170ff.channel": {"name": "Bip01 R Forearm", "translationSamples": [23108, 543, "float32"], "times": [25280, 181, "float32"], "rotationSamples": [18040, 724, "float32"], "jointIndex": 34, "scaleSamples": [20936, 543, "float32"], "blendType": "Linear", "type": "Joint"}, "829ad52615054fc2bcb81b86249779bb.channel": {"name": "Bone08", "translationSamples": [213396, 75, "float32"], "times": [213696, 25, "float32"], "rotationSamples": [212696, 100, "float32"], "jointIndex": 69, "scaleSamples": [213096, 75, "float32"], "blendType": "Linear", "type": "Joint"}, "9139ee7bc13248ddacb14ab054befbf0.channel": {"name": "Bip01 R Finger2", "translationSamples": [31776, 543, "float32"], "times": [33948, 181, "float32"], "rotationSamples": [26708, 724, "float32"], "jointIndex": 44, "scaleSamples": [29604, 543, "float32"], "blendType": "Linear", "type": "Joint"}, "052253f4747246f79adf139bedbefb6a.channel": {"name": "Bip01 L Finger12", "translationSamples": [39740, 543, "float32"], "times": [41912, 181, "float32"], "rotationSamples": [34672, 724, "float32"], "jointIndex": 24, "scaleSamples": [37568, 543, "float32"], "blendType": "Linear", "type": "Joint"}, "fad8ed9b10564876804e3ebff8e46a68.channel": {"name": "Bip01 R Calf", "translationSamples": [47704, 543, "float32"], "times": [49876, 181, "float32"], "rotationSamples": [42636, 724, "float32"], "jointIndex": 56, "scaleSamples": [45532, 543, "float32"], "blendType": "Linear", "type": "Joint"}, "a5e1b9386e174f3a98f263a936b6ef7e.channel": {"name": "Bip01 L Finger02", "translationSamples": [55668, 543, "float32"], "times": [57840, 181, "float32"], "rotationSamples": [50600, 724, "float32"], "jointIndex": 20, "scaleSamples": [53496, 543, "float32"], "blendType": "Linear", "type": "Joint"}, "465e467547824c69b22866c6c7760f74.channel": {"name": "Bip01 Pelvis", "translationSamples": [81276, 543, "float32"], "times": [83448, 181, "float32"], "rotationSamples": [76208, 724, "float32"], "jointIndex": 1, "scaleSamples": [79104, 543, "float32"], "blendType": "Linear", "type": "Joint"}, "aaf4fc4abab04a1588d3b4a5f33ba00d.channel": {"name": "Bip01 FACE03", "translationSamples": [66976, 48, "float32"], "times": [67168, 16, "float32"], "rotationSamples": [66528, 64, "float32"], "jointIndex": 11, "scaleSamples": [66784, 48, "float32"], "blendType": "Linear", "type": "Joint"}, "d245bf1f448f4994bdb44c12e4fab7e5.channel": {"name": "Bip01 R Hand", "translationSamples": [72300, 543, "float32"], "times": [74472, 181, "float32"], "rotationSamples": [67232, 724, "float32"], "jointIndex": 35, "scaleSamples": [70128, 543, "float32"], "blendType": "Linear", "type": "Joint"}, "0524a63e3cb9478aa6a4718b2d065365.channel": {"name": "Bip01 HIPR", "translationSamples": [75840, 69, "float32"], "times": [76116, 23, "float32"], "rotationSamples": [75196, 92, "float32"], "jointIndex": 60, "scaleSamples": [75564, 69, "float32"], "blendType": "Linear", "type": "Joint"}, "3dfebf7bd70a45318c8f0b9b47ad5d29.channel": {"name": "Bip01", "translationSamples": [63632, 543, "float32"], "times": [65804, 181, "float32"], "rotationSamples": [58564, 724, "float32"], "jointIndex": 0, "scaleSamples": [61460, 543, "float32"], "blendType": "Linear", "type": "Joint"}, "d5209582f4524cdf8dc83ccb4bb40e50.channel": {"name": "Bone04", "translationSamples": [84956, 84, "float32"], "times": [85292, 28, "float32"], "rotationSamples": [84172, 112, "float32"], "jointIndex": 65, "scaleSamples": [84620, 84, "float32"], "blendType": "Linear", "type": "Joint"}, "8d487376afa6476281fa847f65071489.channel": {"name": "Bip01 L Toe0", "translationSamples": [90472, 543, "float32"], "times": [92644, 181, "float32"], "rotationSamples": [85404, 724, "float32"], "jointIndex": 53, "scaleSamples": [88300, 543, "float32"], "blendType": "Linear", "type": "Joint"}, "bf35b3ecaa8d4499ad56605d88951641.channel": {"name": "Bip01 L Finger1", "translationSamples": [98436, 543, "float32"], "times": [100608, 181, "float32"], "rotationSamples": [93368, 724, "float32"], "jointIndex": 22, "scaleSamples": [96264, 543, "float32"], "blendType": "Linear", "type": "Joint"}, "b69aba1592f64e99961c485e59a97028.channel": {"name": "Bip01 FACE02", "translationSamples": [101780, 48, "float32"], "times": [101972, 16, "float32"], "rotationSamples": [101332, 64, "float32"], "jointIndex": 9, "scaleSamples": [101588, 48, "float32"], "blendType": "Linear", "type": "Joint"}, "a460a3c9a3c54b3ca4e994bfd6769b26.channel": {"name": "Bip01 R Toe0", "translationSamples": [107104, 543, "float32"], "times": [109276, 181, "float32"], "rotationSamples": [102036, 724, "float32"], "jointIndex": 58, "scaleSamples": [104932, 543, "float32"], "blendType": "Linear", "type": "Joint"}, "5e15e8e4b66e411381f8eaf229fe50de.channel": {"name": "Bone01", "translationSamples": [110784, 84, "float32"], "times": [111120, 28, "float32"], "rotationSamples": [110000, 112, "float32"], "jointIndex": 62, "scaleSamples": [110448, 84, "float32"], "blendType": "Linear", "type": "Joint"}, "00ff23eab1e64b9c9c4b7b33c47a5052.channel": {"name": "Bip01 SHR", "translationSamples": [111932, 75, "float32"], "times": [112232, 25, "float32"], "rotationSamples": [111232, 100, "float32"], "jointIndex": 49, "scaleSamples": [111632, 75, "float32"], "blendType": "Linear", "type": "Joint"}, "5808e7bace3741aea31e39fe1da8348c.channel": {"name": "Bip01 L Finger0", "translationSamples": [117400, 543, "float32"], "times": [119572, 181, "float32"], "rotationSamples": [112332, 724, "float32"], "jointIndex": 18, "scaleSamples": [115228, 543, "float32"], "blendType": "Linear", "type": "Joint"}, "6bc1b313f4bd4585a6aed4b09566d55f.channel": {"name": "Bone03", "translationSamples": [304208, 84, "float32"], "times": [304544, 28, "float32"], "rotationSamples": [303424, 112, "float32"], "jointIndex": 64, "scaleSamples": [303872, 84, "float32"], "blendType": "Linear", "type": "Joint"}, "2e16571b9ad74ea086a0826fa54bc388.channel": {"name": "Bip01 L Finger22", "translationSamples": [133328, 543, "float32"], "times": [135500, 181, "float32"], "rotationSamples": [128260, 724, "float32"], "jointIndex": 28, "scaleSamples": [131156, 543, "float32"], "blendType": "Linear", "type": "Joint"}, "cb0be09ef7f64396920c080bc801d0a0.channel": {"name": "Bip01 L Finger2", "translationSamples": [141292, 543, "float32"], "times": [143464, 181, "float32"], "rotationSamples": [136224, 724, "float32"], "jointIndex": 26, "scaleSamples": [139120, 543, "float32"], "blendType": "Linear", "type": "Joint"}, "2b88e80823db4bb4b689e0fe5dc2f2df.channel": {"name": "Bip01 FACE00", "translationSamples": [144636, 48, "float32"], "times": [144828, 16, "float32"], "rotationSamples": [144188, 64, "float32"], "jointIndex": 8, "scaleSamples": [144444, 48, "float32"], "blendType": "Linear", "type": "Joint"}, "faec0f5396d04a8ebb2ab5f207bb2062.channel": {"name": "Bip01 R Finger01", "translationSamples": [149960, 543, "float32"], "times": [152132, 181, "float32"], "rotationSamples": [144892, 724, "float32"], "jointIndex": 37, "scaleSamples": [147788, 543, "float32"], "blendType": "Linear", "type": "Joint"}, "d59e0c58d59f417f922ebadec1c7b98b.channel": {"name": "Bip01 SHL", "translationSamples": [187188, 72, "float32"], "times": [187476, 24, "float32"], "rotationSamples": [186516, 96, "float32"], "jointIndex": 31, "scaleSamples": [186900, 72, "float32"], "blendType": "Linear", "type": "Joint"}, "0072c0f229b244b1a84ee1b78ffe0fe1.channel": {"name": "Bone05", "translationSamples": [9676, 75, "float32"], "times": [9976, 25, "float32"], "rotationSamples": [8976, 100, "float32"], "jointIndex": 66, "scaleSamples": [9376, 75, "float32"], "blendType": "Linear", "type": "Joint"}, "776fde1503b54249b268ca599f6c3775.channel": {"name": "Bip01 R Finger1", "translationSamples": [173852, 543, "float32"], "times": [176024, 181, "float32"], "rotationSamples": [168784, 724, "float32"], "jointIndex": 40, "scaleSamples": [171680, 543, "float32"], "blendType": "Linear", "type": "Joint"}, "bb88b6b565444d8cb3e56f5ac777a3da.channel": {"name": "Bip01 Neck", "translationSamples": [181816, 543, "float32"], "times": [183988, 181, "float32"], "rotationSamples": [176748, 724, "float32"], "jointIndex": 5, "scaleSamples": [179644, 543, "float32"], "blendType": "Linear", "type": "Joint"}, "11c8b35c7c23480da69c29e9e9940bac.channel": {"name": "Bone07", "translationSamples": [185412, 75, "float32"], "times": [185712, 25, "float32"], "rotationSamples": [184712, 100, "float32"], "jointIndex": 68, "scaleSamples": [185112, 75, "float32"], "blendType": "Linear", "type": "Joint"}, "b3a6ed365d104a11af57bed51704b81a.channel": {"name": "Bip01 L Thigh", "translationSamples": [283676, 543, "float32"], "times": [285848, 181, "float32"], "rotationSamples": [278608, 724, "float32"], "jointIndex": 50, "scaleSamples": [281504, 543, "float32"], "blendType": "Linear", "type": "Joint"}, "91f023939acc41feb5e8ecc0c690c22f.channel": {"name": "Bip01 R Finger22", "translationSamples": [192640, 543, "float32"], "times": [194812, 181, "float32"], "rotationSamples": [187572, 724, "float32"], "jointIndex": 46, "scaleSamples": [190468, 543, "float32"], "blendType": "Linear", "type": "Joint"}, "e2711fb8db3e4767a9628f8d99ed1f74.channel": {"name": "Bone02", "translationSamples": [196320, 84, "float32"], "times": [196656, 28, "float32"], "rotationSamples": [195536, 112, "float32"], "jointIndex": 63, "scaleSamples": [195984, 84, "float32"], "blendType": "Linear", "type": "Joint"}, "e9e0e704c3924996a6f70381645002b8.channel": {"name": "Bip01 L Foot", "translationSamples": [201836, 543, "float32"], "times": [204008, 181, "float32"], "rotationSamples": [196768, 724, "float32"], "jointIndex": 52, "scaleSamples": [199664, 543, "float32"], "blendType": "Linear", "type": "Joint"}, "2bfa5a5f33f8406b87486d46e50d56ba.channel": {"name": "Bip01 Spine2", "translationSamples": [165888, 543, "float32"], "times": [168060, 181, "float32"], "rotationSamples": [160820, 724, "float32"], "jointIndex": 4, "scaleSamples": [163716, 543, "float32"], "blendType": "Linear", "type": "Joint"}, "d62eb6af68d14b28b2df0c40a70ff4cc.channel": {"name": "Bip01 FACE01", "translationSamples": [186260, 48, "float32"], "times": [186452, 16, "float32"], "rotationSamples": [185812, 64, "float32"], "jointIndex": 10, "scaleSamples": [186068, 48, "float32"], "blendType": "Linear", "type": "Joint"}, "f174c61e2cf245ada7999137b68e1113.channel": {"name": "Bip01 FACE05", "translationSamples": [26452, 48, "float32"], "times": [26644, 16, "float32"], "rotationSamples": [26004, 64, "float32"], "jointIndex": 13, "scaleSamples": [26260, 48, "float32"], "blendType": "Linear", "type": "Joint"}, "863ce79b5f2a44098bc0dc78585d9e64.channel": {"name": "Bip01 L Clavicle", "translationSamples": [218864, 543, "float32"], "times": [221036, 181, "float32"], "rotationSamples": [213796, 724, "float32"], "jointIndex": 14, "scaleSamples": [216692, 543, "float32"], "blendType": "Linear", "type": "Joint"}, "89546ced9e654cb5a73869a3e1b86f86.channel": {"name": "Bip01 L Finger11", "translationSamples": [226828, 543, "float32"], "times": [229000, 181, "float32"], "rotationSamples": [221760, 724, "float32"], "jointIndex": 23, "scaleSamples": [224656, 543, "float32"], "blendType": "Linear", "type": "Joint"}, "a6115878e73b4c87b4db1668f70685f2.channel": {"name": "Bip01 L Finger01", "translationSamples": [234792, 543, "float32"], "times": [236964, 181, "float32"], "rotationSamples": [229724, 724, "float32"], "jointIndex": 19, "scaleSamples": [232620, 543, "float32"], "blendType": "Linear", "type": "Joint"}, "25f032019f0f4f7eb531b71d28db0a08.channel": {"name": "Bip01 Spine1", "translationSamples": [242756, 543, "float32"], "times": [244928, 181, "float32"], "rotationSamples": [237688, 724, "float32"], "jointIndex": 3, "scaleSamples": [240584, 543, "float32"], "blendType": "Linear", "type": "Joint"}, "035725e93a28422f8d4b4848f14cb85b.channel": {"name": "Bip01 Prop1", "translationSamples": [250720, 543, "float32"], "times": [252892, 181, "float32"], "rotationSamples": [245652, 724, "float32"], "jointIndex": 70, "scaleSamples": [248548, 543, "float32"], "blendType": "Linear", "type": "Joint"}, "3177bb34acce406181ac0168d662e45f.channel": {"name": "Bip01 L Forearm", "translationSamples": [258684, 543, "float32"], "times": [260856, 181, "float32"], "rotationSamples": [253616, 724, "float32"], "jointIndex": 16, "scaleSamples": [256512, 543, "float32"], "blendType": "Linear", "type": "Joint"}, "0bc4cb31132d4d439ad1df6dca8a2a17.channel": {"name": "Bip01 R Foot", "translationSamples": [266648, 543, "float32"], "times": [268820, 181, "float32"], "rotationSamples": [261580, 724, "float32"], "jointIndex": 57, "scaleSamples": [264476, 543, "float32"], "blendType": "Linear", "type": "Joint"}, "c8b62abbd01640b29a785584392f092f.channel": {"name": "Bone06", "translationSamples": [270244, 75, "float32"], "times": [270544, 25, "float32"], "rotationSamples": [269544, 100, "float32"], "jointIndex": 67, "scaleSamples": [269944, 75, "float32"], "blendType": "Linear", "type": "Joint"}, "d94264e018b74d94afee9486c66eb8de.channel": {"name": "Bip01 R Finger11", "translationSamples": [275712, 543, "float32"], "times": [277884, 181, "float32"], "rotationSamples": [270644, 724, "float32"], "jointIndex": 41, "scaleSamples": [273540, 543, "float32"], "blendType": "Linear", "type": "Joint"}, "e8153959d66543d986992665f13102e1.channel": {"name": "Bip01 R UpperArm", "translationSamples": [125364, 543, "float32"], "times": [127536, 181, "float32"], "rotationSamples": [120296, 724, "float32"], "jointIndex": 33, "scaleSamples": [123192, 543, "float32"], "blendType": "Linear", "type": "Joint"}, "73265005d56c426ab6db17eb338bb07b.channel": {"name": "Bip01 L Hand", "translationSamples": [291640, 543, "float32"], "times": [293812, 181, "float32"], "rotationSamples": [286572, 724, "float32"], "jointIndex": 17, "scaleSamples": [289468, 543, "float32"], "blendType": "Linear", "type": "Joint"}, "c123ae04a0e64483a6be536d4726d524.channel": {"name": "Bip01 L UpperArm", "translationSamples": [299604, 543, "float32"], "times": [301776, 181, "float32"], "rotationSamples": [294536, 724, "float32"], "jointIndex": 15, "scaleSamples": [297432, 543, "float32"], "blendType": "Linear", "type": "Joint"}, "6c49bce2297e418f9d4e9826539cc835.channel": {"name": "Bip01 FACE04", "translationSamples": [303088, 63, "float32"], "times": [303340, 21, "float32"], "rotationSamples": [302500, 84, "float32"], "jointIndex": 12, "scaleSamples": [302836, 63, "float32"], "blendType": "Linear", "type": "Joint"}, "b65b760aae5141dfaab6edc0944b4427.channel": {"name": "Bip01 R Thigh", "translationSamples": [309724, 543, "float32"], "times": [311896, 181, "float32"], "rotationSamples": [304656, 724, "float32"], "jointIndex": 55, "scaleSamples": [307552, 543, "float32"], "blendType": "Linear", "type": "Joint"}, "4333086bbf80430ba7fe7a53f1dd42e5.channel": {"name": "Bip01 R Finger0", "translationSamples": [209800, 543, "float32"], "times": [211972, 181, "float32"], "rotationSamples": [204732, 724, "float32"], "jointIndex": 36, "scaleSamples": [207628, 543, "float32"], "blendType": "Linear", "type": "Joint"}, "f1142432891143b9bd7402f4567a07f3.channel": {"name": "Bip01 R Finger02", "translationSamples": [157924, 543, "float32"], "times": [160096, 181, "float32"], "rotationSamples": [152856, 724, "float32"], "jointIndex": 38, "scaleSamples": [155752, 543, "float32"], "blendType": "Linear", "type": "Joint"}, "bb4dea89435d4874a9dfb9c16b43d371.channel": {"name": "Bip01 L Finger21", "translationSamples": [325652, 543, "float32"], "times": [327824, 181, "float32"], "rotationSamples": [320584, 724, "float32"], "jointIndex": 27, "scaleSamples": [323480, 543, "float32"], "blendType": "Linear", "type": "Joint"}, "8b4c98e22542426daef955c0aa06f5b9.channel": {"name": "Bip01 Head", "translationSamples": [333616, 543, "float32"], "times": [335788, 181, "float32"], "rotationSamples": [328548, 724, "float32"], "jointIndex": 6, "scaleSamples": [331444, 543, "float32"], "blendType": "Linear", "type": "Joint"}, "05c7a6ba16a843c8bc8e64142d0f7e27.channel": {"name": "Bip01 R Finger12", "translationSamples": [341580, 543, "float32"], "times": [343752, 181, "float32"], "rotationSamples": [336512, 724, "float32"], "jointIndex": 42, "scaleSamples": [339408, 543, "float32"], "blendType": "Linear", "type": "Joint"}, "6c78e95c1d864510952e146b58a6bfe4.channel": {"name": "Bip01 L Calf", "translationSamples": [349544, 543, "float32"], "times": [351716, 181, "float32"], "rotationSamples": [344476, 724, "float32"], "jointIndex": 51, "scaleSamples": [347372, 543, "float32"], "blendType": "Linear", "type": "Joint"}}, "id": "e962580fada84d4fbcb24335a97c407a.clip", "binaryRef": "1bb745c1562c2310ae866995cef858b12daf1cb4.bin"}, "f9120b6b2b464f8495f0db06373a2d79.entity": {"name": "Default Lights", "license": "CC0", "created": "2014-03-20T14:22:36.892Z", "deleted": false, "_readOnly": false, "modified": "2014-06-27T08:49:00+00:00", "dataModelVersion": 2, "static": false, "components": {"transform": {"rotation": [0, 0, 0], "scale": [1, 1, 1], "translation": [0, 0, 0], "children": {"0a4efe05a9704370934c84203fbbc50a.entity": {"entityRef": "0a4efe05a9704370934c84203fbbc50a.entity", "sortValue": 1}, "043d4ed882eb4290a628efcd4eb65e94.entity": {"entityRef": "043d4ed882eb4290a628efcd4eb65e94.entity", "sortValue": 0}}}}, "hidden": false, "id": "f9120b6b2b464f8495f0db06373a2d79.entity"}, "f15932541b1a44319c4c5f83506cf23b.mesh": {"name": "", "license": "CC0", "created": "2014-05-21T15:57:45.501367+00:00", "boundingVolume": {"max": [20.43899154663086, 8.105557441711426, 78.17097473144531], "type": "BoundingBox", "min": [-45.91608428955078, -18.975936889648438, 0.10936737060546875]}, "_readOnly": false, "modified": "2014-05-21T15:57:45.501390+00:00", "dataModelVersion": 2, "deleted": false, "vertexCount": 5476, "indexModes": ["Triangles"], "indices": [0, 19719, "uint16"], "attributes": {"NORMAL": {"dimensions": 3, "value": [39440, 16428, "float32"]}, "JOINTIDS": {"dimensions": 4, "value": [105152, 21904, "uint8"]}, "TEXCOORD0": {"dimensions": 2, "value": [127056, 10952, "float32"]}, "TANGENT": {"dimensions": 4, "value": [170864, 21904, "float32"]}, "POSITION": {"dimensions": 3, "value": [258480, 16428, "float32"]}, "WEIGHTS": {"dimensions": 4, "value": [324192, 21904, "float32"]}}, "indexLengths": [19719], "type": "SkinnedMesh", "id": "f15932541b1a44319c4c5f83506cf23b.mesh", "binaryRef": "6e1efe9bed58e135140fff62d3afef4066d972ca.bin"}, "190d009c2a1847c888e8f44b68e28b92.entity": {"name": "CHM_AXE", "license": "CC0", "created": "2014-05-21T15:57:45.950784+00:00", "deleted": false, "_readOnly": false, "modified": "2014-07-29T11:56:35+00:00", "dataModelVersion": 2, "static": false, "components": {"transform": {"rotation": [-90.00000250447816, 0, 0], "scale": [1, 1, 1], "translation": [0, 0, 0]}, "meshRenderer": {"reflectable": true, "materials": {"3092556017c047c085cc27ec1f4f51c5.material": {"materialRef": "3092556017c047c085cc27ec1f4f51c5.material", "sortValue": 0}}, "receiveShadows": true, "cullMode": "Dynamic", "castShadows": true}, "meshData": {"meshRef": "f15932541b1a44319c4c5f83506cf23b.mesh", "poseRef": "f881ace009dc4417aec803a2fa600555.skeleton"}}, "hidden": false, "id": "190d009c2a1847c888e8f44b68e28b92.entity"}, "3092556017c047c085cc27ec1f4f51c5.material": {"texturesMapping": {"DIFFUSE_MAP": {"enabled": true, "textureRef": "70c74fa3722f4a14a0c6fa930c2650ab.texture"}}, "flat": false, "cullState": {"frontFace": "CCW", "enabled": true, "cullFace": "Back"}, "uniforms": {"opacity": {"enabled": false, "value": 1}, "refractivity": {"enabled": false, "value": 0}, "materialAmbient": {"enabled": true, "value": [0.5879999995231628, 0.5879999995231628, 0.5879999995231628, 1]}, "materialSpecular": {"enabled": true, "value": [0, 0, 0, 1]}, "fresnel": {"enabled": true, "value": 0}, "reflectivity": {"enabled": true, "value": 0}, "materialSpecularPower": {"enabled": true, "value": 2}, "materialDiffuse": {"enabled": true, "value": [0.5879999995231628, 0.5879999995231628, 0.5879999995231628, 1]}, "vertexColorAmount": {"enabled": true, "value": 1}, "materialEmissive": {"enabled": true, "value": [0, 0, 0, 1]}, "discardThreshold": {"enabled": true, "value": 0.1}, "normalMultiplier": {"enabled": true, "value": 1}, "etaRatio": {"enabled": true, "value": -0.5}, "wrapSettings": {"enabled": true, "value": [0, 0]}}, "name": "CHM_AXE", "license": "CC0", "created": "2014-05-21T15:57:45.655683+00:00", "deleted": false, "wireframe": false, "_readOnly": false, "dataModelVersion": 2, "blendState": {"blendEquation": "AddEquation", "blendSrc": "SrcAlphaFactor", "blendDst": "OneMinusSrcAlphaFactor", "blending": "CustomBlending"}, "modified": "2014-07-29T11:56:34+00:00", "dualTransparency": false, "depthState": {"write": true, "enabled": true}, "shaderRef": "GOO_ENGINE_SHADERS/uber", "id": "3092556017c047c085cc27ec1f4f51c5.material", "renderQueue": -1}, "f881ace009dc4417aec803a2fa600555.skeleton": {"name": "Skeleton", "license": "CC0", "created": "2014-05-21T15:57:45.786403+00:00", "deleted": false, "joints": {"cd92d77ed6934d29a23fcb9f4d9f4abd.joint": {"index": 13, "parentIndex": 12, "name": "Bip01 FACE05", "inverseBindPose": [1.0, 0.0, 0.0, 0.0, 0.0, 1.0, 0.0, 0.0, 0.0, 0.0, 1.0, 0.0, 0.0, 0.0, 0.0, 1.0]}, "1a0d2523e90e4420a87e0b04b64b3045.joint": {"index": 49, "parentIndex": 33, "name": "Bip01 SHR", "inverseBindPose": [-0.6177387752880061, -0.6199579959116693, -9.369086214724086e-07, 0.0, 5.5101439551701605e-08, 1.4226663651896308e-06, -1.000000059602645, 0.0, 0.48808942308187214, -0.7846350996635307, -1.0728840183480225e-06, 0.0, -28.010060490493665, 35.71439316940999, 1.553856147699167, 1.0]}, "54def1c697c54bcd86d1e4e4a113bf92.joint": {"index": 0, "parentIndex": -32768, "name": "Bip01", "inverseBindPose": [1.0, 0.0, 0.0, 0.0, 0.0, 1.0, 0.0, 0.0, 0.0, 0.0, 1.0, 0.0, 0.0, 0.0, 0.0, 1.0]}, "935646c8188f4b81b69a187ac4163f94.joint": {"index": 4, "parentIndex": 3, "name": "Bip01 Spine2", "inverseBindPose": [-1.897118669826225e-07, -1.4158832808820675e-06, 0.9999999999979599, 0.0, 0.13838416758168037, -0.9903786953501232, -1.3760073277477798e-06, 0.0, 0.9903786953520356, 0.13838416758114186, 3.838223675477845e-07, 0.0, -46.15069553248311, -6.066656060116202, -1.670222702046825e-05, 1.0]}, "d03a730e6e4945c38dbbf9bfa40865f4.joint": {"index": 64, "parentIndex": 63, "name": "Bone03", "inverseBindPose": [6.123233995734609e-17, 0.9999999999997597, -1.6072533465078208e-08, 0.0, -6.123233995734607e-17, -1.6072533465076136e-08, -0.9999999999998885, 0.0, -0.9999999999996474, 6.12323409415118e-17, 6.1232338973202e-17, 0.0, 25.649570465078845, 0.13191919107496855, -4.586606981489882, 1.0]}, "1ca38ee2cbe04fba84269fdfbfb6955a.joint": {"index": 26, "parentIndex": 17, "name": "Bip01 L Finger2", "inverseBindPose": [0.26776404783551594, -0.9631669885616554, -0.024719725789165096, 0.0, -0.05858022136755896, -0.04188390308052242, 0.99740410719841, 0.0, -0.9617017022492681, -0.26562074569189825, -0.06763761266009101, 0.0, 25.899489383762035, 26.68108157418308, 1.678603486255206, 1.0]}, "25a39eed5b574267af9069ec6a622a29.joint": {"index": 3, "parentIndex": 2, "name": "Bip01 Spine1", "inverseBindPose": [-1.1839428112517106e-07, -1.4078152069921913e-06, 0.9999999999980044, 0.0, 0.0863619857972957, -0.9962638466814162, -1.3923305659370906e-06, 0.0, 0.9962638466833627, 0.0863619857969597, 2.39533648119402e-07, 0.0, -41.50001565938521, -3.6475954601221607, -9.992720684390683e-06, 1.0]}, "06949ceea29d4ac0b909d34b33f594ef.joint": {"index": 43, "parentIndex": 42, "name": "Bip01 R Finger1Nub", "inverseBindPose": [1.0, 0.0, 0.0, 0.0, 0.0, 1.0, 0.0, 0.0, 0.0, 0.0, 1.0, 0.0, 0.0, 0.0, 0.0, 1.0]}, "e9c99750354b40a997a0bc2d904e0ec1.joint": {"index": 56, "parentIndex": 55, "name": "Bip01 R Calf", "inverseBindPose": [-0.08036919116728043, -0.015778627191651788, -0.9966402747366975, 0.0, 0.18899114587944593, -0.9819787114324696, 0.0003062392543407001, 0.0, -0.9786843563704983, -0.1883315751375354, 0.08190286148046974, 0.0, 17.01987041651561, 5.008954096575127, -6.862807246061431, 1.0]}, "ddbd2b67c6de4b50a746ea3e5b907b93.joint": {"index": 48, "parentIndex": 33, "name": "Bip01 R ForeTwist", "inverseBindPose": [-0.5265790449523542, -0.0904126754974881, 0.845304741968931, 0.0, -0.10367849913071392, 0.9937362147335566, 0.04170262735302528, 0.0, -0.843780374889591, -0.06568019428943127, -0.5326545187689093, 0.0, 30.218238884940874, 0.16707276439517155, 32.146645235675116, 1.0]}, "20224d852565443ba9debbfff653c766.joint": {"index": 50, "parentIndex": 2, "name": "Bip01 L Thigh", "inverseBindPose": [0.081316733952667, 0.009784350799857296, -0.9966403021742769, 0.0, 0.1157292349234336, -0.9932807909949483, -0.0003089207590158949, 0.0, -0.989946598028777, -0.11531530567649699, -0.08190268608726232, 0.0, 32.85300545367392, 3.7343970749166338, 6.862801360340507, 1.0]}, "35102c993e184afaafa7ee9719eda43f.joint": {"index": 66, "parentIndex": 1, "name": "Bone05", "inverseBindPose": [-0.015871061687202852, -0.9998740977800014, -1.0640927749882576e-06, 0.0, 0.06347858430598592, -0.0010086612895757862, 0.9979828217361681, 0.0, -0.9978571320541391, 0.01583897592840843, 0.06348659696742044, 0.0, 33.18943611061822, -0.4810701049343877, -7.7762518864074295, 1.0]}, "9a2d20889b884d8f9b11cb3e10faf613.joint": {"index": 2, "parentIndex": 1, "name": "Bip01 Spine", "inverseBindPose": [6.123233879162665e-17, -1.4026925059254652e-06, 0.9999999999980329, 0.0, 6.123233879162663e-17, -0.999999980960037, -1.4026925326299189e-06, 0.0, 0.9999999809620043, 6.123242468165054e-17, -6.123225406710117e-17, 0.0, -37.04959417380036, -0.05016321965916683, -1.488105634066742e-08, 1.0]}, "2b680bc8445b43c7ba3fb34550833936.joint": {"index": 10, "parentIndex": 6, "name": "Bip01 FACE01", "inverseBindPose": [6.123233995736333e-17, -7.284768466571297e-09, 0.9999999999999614, 0.0, -0.9999999999999294, -6.123234040342912e-17, 6.123233951130187e-17, 0.0, 6.123233995736333e-17, -0.999999999999968, -7.284768466571249e-09, 0.0, -0.6748222112655163, 59.13912963867, -4.0184981531969e-07, 1.0]}, "b896b4dc6a5d4a0b90b179dae5bb6911.joint": {"index": 36, "parentIndex": 35, "name": "Bip01 R Finger0", "inverseBindPose": [-0.14946634375404044, -0.31946653651108137, 0.9357354242962683, 0.0, -0.4361193290521375, 0.870636092296231, 0.22757945978871966, 0.0, -0.8873898766970593, -0.37407653836697125, -0.26945625612701535, 0.0, 27.251355286326618, 8.322701960850555, 24.199743624276614, 1.0]}, "31067b7445474d95a22002ddefcf297e.joint": {"index": 24, "parentIndex": 23, "name": "Bip01 L Finger12", "inverseBindPose": [-0.01813143674245877, -0.9997804804323372, 0.010486473955157111, 0.0, -0.03709220514521756, 0.011153586056413312, 0.999249517539331, 0.0, -0.9991473965204111, 0.017728861123878, -0.037286293358456325, 0.0, 30.202712884567283, 18.58059543251124, 1.3836576805330763, 1.0]}, "dd0d94bdb82c435b9e57aefd8c24b25f.joint": {"index": 38, "parentIndex": 37, "name": "Bip01 R Finger02", "inverseBindPose": [-0.3193868465170512, -0.1496359555941252, 0.9357355437199948, 0.0, 0.2226228105578233, 0.9479701731689039, 0.22757835195998893, 0.0, -0.9211031722899562, 0.2810016815110294, -0.2694567770623924, 0.0, 24.105107774039688, -9.537986446350892, 24.19975870223796, 1.0]}, "2ab0159fa7fd470fb2a25579a569fa73.joint": {"index": 9, "parentIndex": 8, "name": "Bip01 FACE02", "inverseBindPose": [1.0, 0.0, 0.0, 0.0, 0.0, 1.0, 0.0, 0.0, 0.0, 0.0, 1.0, 0.0, 0.0, 0.0, 0.0, 1.0]}, "d86b501792a84741a25bbd94c3e8eaa6.joint": {"index": 53, "parentIndex": 52, "name": "Bip01 L Toe0", "inverseBindPose": [0.10622792093246798, -1.2663356133887993e-08, -0.9943417664781873, 0.0, -0.9943418843422738, 7.482341237796386e-08, -0.10622790834076616, 0.0, 7.574524582141638e-08, 1.000000119209298, -4.643368762350295e-09, 0.0, -1.6559925167263556, -0.18289881793232857, 6.8903380792321824, 1.0]}, "d7c12e0457f643ed8bb6e76077514008.joint": {"index": 37, "parentIndex": 36, "name": "Bip01 R Finger01", "inverseBindPose": [-0.19814735615110451, -0.2917812852690979, 0.9357356393723443, 0.0, -0.29281758811644454, 0.9286901738598732, 0.2275787367791807, 0.0, -0.935412414904678, -0.22890558555230045, -0.2694561198804971, 0.0, 26.92666377105602, 4.112622119312812, 24.19974180621873, 1.0]}, "bcf5deae132547f1955e06fd38040f94.joint": {"index": 47, "parentIndex": 46, "name": "Bip01 R Finger2Nub", "inverseBindPose": [1.0, 0.0, 0.0, 0.0, 0.0, 1.0, 0.0, 0.0, 0.0, 0.0, 1.0, 0.0, 0.0, 0.0, 0.0, 1.0]}, "5a9b21d05e874a629ba99366eb501b8a.joint": {"index": 31, "parentIndex": 15, "name": "Bip01 SHL", "inverseBindPose": [0.516430788883207, -0.7547987776141893, -3.8166281799346503e-07, 0.0, 8.625752105858417e-08, 6.008630407578407e-07, -1.0000000596042342, 0.0, 0.5942488091068251, 0.6559564313762922, 4.768372305357242e-07, 0.0, -32.59955066067219, -28.154550247124458, 1.5537874472716224, 1.0]}, "10fd4d72222442aaa583ae8e7ba6bc58.joint": {"index": 7, "parentIndex": 6, "name": "Bip01 HeadNub", "inverseBindPose": [1.0, 0.0, 0.0, 0.0, 0.0, 1.0, 0.0, 0.0, 0.0, 0.0, 1.0, 0.0, 0.0, 0.0, 0.0, 1.0]}, "13b3197440554fd290e6f5b746b09eb0.joint": {"index": 67, "parentIndex": 66, "name": "Bone06", "inverseBindPose": [0.023801268004293996, -0.9997167206990291, -8.349797423427365e-07, 0.0, 0.06346864233475481, 0.0015102281929001713, 0.9979828212367341, 0.0, -0.9977001453997999, -0.023753302606983082, 0.06348660482388249, 0.0, 28.436435553496583, 0.6473636402691878, -7.776251948967976, 1.0]}, "8deafda5542044f79576bcbbb85c0f4f.joint": {"index": 11, "parentIndex": 10, "name": "Bip01 FACE03", "inverseBindPose": [1.0, 0.0, 0.0, 0.0, 0.0, 1.0, 0.0, 0.0, 0.0, 0.0, 1.0, 0.0, 0.0, 0.0, 0.0, 1.0]}, "4db3c2ed20574d089d4bdc5ca68d6a10.joint": {"index": 1, "parentIndex": 0, "name": "Bip01 Pelvis", "inverseBindPose": [6.123233995730878e-17, 2.757707079284191e-06, 0.9999999999914334, 0.0, 6.123233995730878e-17, -0.9999999999923949, 2.7577070792815396e-06, 0.0, 0.9999999999990385, 6.12321710960446e-17, -6.12325088177005e-17, 0.0, -33.51543807980176, -0.09063299745252346, 2.499392607454592e-07, 1.0]}, "d1fe6f01d2c44076aebb6a5a261e786c.joint": {"index": 52, "parentIndex": 51, "name": "Bip01 L Foot", "inverseBindPose": [6.12323472568321e-17, 0.10622792093246823, -0.9943417664781872, 0.0, -6.123234725683207e-17, -0.994341884342276, -0.10622790834076576, 0.0, -1.0000001192093007, 6.739046446339707e-17, -5.438128968232e-17, 0.0, 4.978466627415001, 3.538210730236193, 6.89033814748459, 1.0]}, "efd6b75d2b49458d89423b9434ee3527.joint": {"index": 20, "parentIndex": 19, "name": "Bip01 L Finger02", "inverseBindPose": [0.3193861932490823, 0.14963318104096598, 0.9357362376752734, 0.0, 0.222623736090841, 0.9479706069874823, -0.22757561710266852, 0.0, -0.9211031791626999, 0.28100166861172177, 0.26945678435217807, 0.0, 24.105108601740895, -9.537983052699582, -24.1997604640009, 1.0]}, "7737e5348eb140eea03967a9b0f14dcc.joint": {"index": 5, "parentIndex": 4, "name": "Bip01 Neck", "inverseBindPose": [6.123234239337597e-17, -1.402692360837555e-06, 0.9999999999980326, 0.0, 6.123234239337597e-17, -1.000000039781067, -1.402692305034199e-06, 0.0, 1.0000000397830344, 6.123242828339096e-17, -6.123225406711513e-17, 0.0, -53.03133984778465, 1.1337630007655337, 3.268856599953107e-06, 1.0]}, "e33749b2ede0409695539164fbd7e881.joint": {"index": 68, "parentIndex": 67, "name": "Bone07", "inverseBindPose": [0.024382840786146973, -0.999702577800592, -8.02374065585611e-07, 0.0, 0.06346774311339654, 0.0015471826928938014, 0.9979828214162728, 0.0, -0.997686059415272, -0.024333699328763853, 0.06348660200203057, 0.0, 25.2688911652287, 0.6620638744636574, -7.776252489552515, 1.0]}, "09faf8c14ea040ba942bfe8f29db563e.joint": {"index": 55, "parentIndex": 2, "name": "Bip01 R Thigh", "inverseBindPose": [-0.08131722339468506, -0.009781637991573994, -0.9966402750192696, 0.0, 0.1157290081380276, -0.9932808443396555, 0.00030617850660408734, 0.0, -0.9899465700742697, -0.11531530562062524, 0.0819028582690901, 0.0, 32.853003784599856, 3.73439702794755, -6.862807263952999, 1.0]}, "def8cfdbffe9413eb192e7d0c605f071.joint": {"index": 57, "parentIndex": 56, "name": "Bip01 R Foot", "inverseBindPose": [6.123234725683207e-17, -0.10622520519463655, -0.9943421095033529, 0.0, -6.123234725683207e-17, -0.9943422273675231, 0.10622519260325165, 0.0, -1.0000001192093007, 5.4381483423615234e-17, -6.739031118855457e-17, 0.0, 4.978466627415001, 3.5382105085596494, -6.890343073092832, 1.0]}, "c6011d0dee4c4ba2a36212035c11767d.joint": {"index": 30, "parentIndex": 15, "name": "Bip01 L ForeTwist", "inverseBindPose": [0.5265793089741899, 0.09040992727392778, 0.8453048772913923, 0.0, -0.10367705875898398, 0.9937364159651656, -0.0417002894113054, 0.0, -0.8437804159157338, -0.06568020626611172, 0.5326544833639053, 0.0, 30.218241046456622, 0.1670734859200497, -32.146643727303776, 1.0]}, "51716b55f8534861a37891402c324583.joint": {"index": 51, "parentIndex": 50, "name": "Bip01 L Calf", "inverseBindPose": [0.08036850823144996, 0.015781231647741666, -0.9966403024360614, 0.0, 0.1889913604158249, -0.9819786861336371, -0.0003089171621505508, 0.0, -0.9786843870276978, -0.18833157674654943, -0.08190268291527318, 0.0, 17.019872110185084, 5.008954673227016, 6.862801116697461, 1.0]}, "eb0fda6c4cb645eb8c30ca862e13c2e8.joint": {"index": 41, "parentIndex": 40, "name": "Bip01 R Finger11", "inverseBindPose": [-0.071057208810817, 0.9974171649590896, 0.010474957500623956, 0.0, -0.03793784356300962, 0.007791465478308361, -0.9992496722558272, 0.0, -0.9967506813277924, -0.07140127666191073, 0.03728621128657325, 0.0, 29.29465924306812, 21.198768326033075, -1.3839277397906322, 1.0]}, "53293981c5c7406eaf620e21bcbd5769.joint": {"index": 60, "parentIndex": 1, "name": "Bip01 HIPR", "inverseBindPose": [-0.39511146555166016, 0.9186332186341133, -5.969341604079316e-07, 0.0, 2.245129871590355e-07, -5.532420675352211e-07, -0.9999999999996437, 0.0, -0.9186332186343974, -0.3951114655516732, 1.23471953415025e-08, 0.0, 29.904676739568284, 19.633276001690184, -5.690235832926603e-06, 1.0]}, "3801ae5301624b10bedd959602576739.joint": {"index": 22, "parentIndex": 17, "name": "Bip01 L Finger1", "inverseBindPose": [0.3102436763669698, -0.9505991748196219, 0.01047313984253605, 0.0, -0.03869546328696921, -0.001619750976280866, 0.9992496537472192, 0.0, -0.9498694328699216, -0.3104160377517792, -0.03728639080029076, 0.0, 24.6370002261873, 27.65608622642099, 1.383915670881359, 1.0]}, "3dac31aa4eaf41c1853e9c3eb090b8b8.joint": {"index": 12, "parentIndex": 6, "name": "Bip01 FACE04", "inverseBindPose": [-2.4935273507734027e-08, 1.7716001175796073e-07, 0.999999999999968, 0.0, -0.7983853310333529, 0.6021468257253275, -1.2658430335239586e-07, 0.0, -0.6021468257253494, -0.7983853310333311, 1.2642726686500713e-07, 0.0, 35.13535181860459, 45.95580402090935, -5.310569638531377e-06, 1.0]}, "e1b8f1216daa4605a4b496893bc3ee46.joint": {"index": 39, "parentIndex": 38, "name": "Bip01 R Finger0Nub", "inverseBindPose": [1.0, 0.0, 0.0, 0.0, 0.0, 1.0, 0.0, 0.0, 0.0, 0.0, 1.0, 0.0, 0.0, 0.0, 0.0, 1.0]}, "0c57b644fdf54da1b91852c582eb97c3.joint": {"index": 46, "parentIndex": 45, "name": "Bip01 R Finger22", "inverseBindPose": [-0.008726699081505897, 0.9996558549389364, -0.024722900697071303, 0.0, -0.06744044173079596, -0.025255903274423806, -0.9974040309848369, 0.0, -0.9976850182354582, -0.007036716428193729, 0.06763769778546816, 0.0, 29.564784283983737, 19.44285482620174, -1.6787198351788433, 1.0]}, "e0439baadb77416696f021ab3d4bc516.joint": {"index": 8, "parentIndex": 6, "name": "Bip01 FACE00", "inverseBindPose": [-3.150188229791532e-07, 3.26849151799442e-09, 0.999999999999901, 0.0, -0.9843365684491547, 0.1762993849096424, -3.10660794820564e-07, 0.0, -0.1762993849096259, -0.9843365684492528, -5.2320331454867596e-08, 0.0, 10.558691423130623, 56.88034276728636, 5.113312480337074e-06, 1.0]}, "2a4555bad29341c1beec8030f6a13157.joint": {"index": 54, "parentIndex": 53, "name": "Bip01 L Toe0Nub", "inverseBindPose": [1.0, 0.0, 0.0, 0.0, 0.0, 1.0, 0.0, 0.0, 0.0, 0.0, 1.0, 0.0, 0.0, 0.0, 0.0, 1.0]}, "1d475574039949feb0bfc5fba2290077.joint": {"index": 19, "parentIndex": 18, "name": "Bip01 L Finger01", "inverseBindPose": [0.19814811868505383, 0.2917788581128016, 0.9357362596125601, 0.0, -0.29281705547799963, 0.9286909131599739, -0.22757631143333334, 0.0, -0.9354124270561571, -0.22890556148309402, 0.26945612175723094, 0.0, 26.926664776785966, 4.112619534483051, -24.199741920289576, 1.0]}, "27b52f061187406f9781efdf60dcb53e.joint": {"index": 29, "parentIndex": 28, "name": "Bip01 L Finger2Nub", "inverseBindPose": [1.0, 0.0, 0.0, 0.0, 0.0, 1.0, 0.0, 0.0, 0.0, 0.0, 1.0, 0.0, 0.0, 0.0, 0.0, 1.0]}, "580b6c2ce9eb4b3ea9482572a23f7de5.joint": {"index": 27, "parentIndex": 26, "name": "Bip01 L Finger21", "inverseBindPose": [0.025048305997097123, -0.9993800228671287, -0.024724216038990155, 0.0, -0.06701907946464082, -0.026355042065829563, 0.9974039866056813, 0.0, -0.9974370380987458, -0.023326270303744834, -0.06763774974123203, 0.0, 30.20399761820134, 19.923007131083587, 1.6786940353592086, 1.0]}, "d662ec7e8fd14d878ce330e9e9c26c0b.joint": {"index": 69, "parentIndex": 68, "name": "Bone08", "inverseBindPose": [0.0005418605143770424, -0.9999923084006074, -0.003907141178337745, 0.0, 0.06336885200841098, -0.0038649521113705834, 0.9979828211129367, 0.0, -0.9979902832971559, -0.0007883583018150608, 0.06336625679719558, 0.0, 22.187605042275248, 0.1635123836853868, -7.773055606039339, 1.0]}, "d24d30fb0a224999aecd49f129300160.joint": {"index": 17, "parentIndex": 16, "name": "Bip01 L Hand", "inverseBindPose": [0.5523931956738228, -0.8332962230043612, 0.02188935200208194, 0.0, -0.04372847906081488, -0.002744497925186054, 0.9990396562823981, 0.0, -0.8324359922298482, -0.5528198626005432, -0.03795481680504445, 0.0, 21.496770053853115, 32.72369417857365, 0.219312715682083, 1.0]}, "eec2901d6dc741d989313d1cebbf4f5a.joint": {"index": 16, "parentIndex": 15, "name": "Bip01 L Forearm", "inverseBindPose": [0.52657930897419, 0.12705493084529754, 0.8405779646880477, 0.0, -0.10367705875898399, 0.990985889718258, -0.08484098392617699, 0.0, -0.8437804159157336, -0.04247314106297362, 0.5350053390017652, 0.0, 30.218241046456594, -1.2299280918369784, -32.123540651768145, 1.0]}, "500616cdcf4d458e8fe0496ca1956505.joint": {"index": 45, "parentIndex": 44, "name": "Bip01 R Finger21", "inverseBindPose": [-0.025048186687292574, 0.9993800864271668, -0.02472229380767981, 0.0, -0.06701915370135786, -0.026353117446771917, -0.9974040406796144, 0.0, -0.9974370340943758, -0.023326279807566963, 0.06763777665078352, 0.0, 30.20399631915576, 19.923005570404595, -1.6787104696060102, 1.0]}, "d3736663209b4e34b92b6836e9b4552b.joint": {"index": 62, "parentIndex": 1, "name": "Bone01", "inverseBindPose": [-0