{"ba980531e5334371825ae7d6cada674c.texture": {"wrapS": "Repeat", "minFilter": "Trilinear", "name": "TT_Sand_07_Dif_SPEC.png", "license": "CC0", "flipY": true, "deleted": false, "magFilter": "Bilinear", "created": "2014-07-11T12:45:25+00:00", "_readOnly": false, "dataModelVersion": 2, "modified": "2014-07-11T12:45:25+00:00", "repeat": [1, 1], "imageRef": "dc036a22cb484c8e367ea42eb72d227fa9c1e95c.png", "offset": [0, 0], "id": "ba980531e5334371825ae7d6cada674c.texture", "anisotropy": 1, "wrapT": "Repeat"}, "b342b5941e48473c91331f6d8ab9588e.texture": {"wrapS": "Repeat", "minFilter": "Trilinear", "name": "varg-01_varg_torso_01_normal.jpg", "license": "CC0", "flipY": true, "deleted": false, "magFilter": "Bilinear", "created": "2014-07-04T12:41:19+00:00", "_readOnly": false, "dataModelVersion": 2, "modified": "2014-07-08T14:02:46+00:00", "repeat": [1, 1], "imageRef": "cfb7be001bf7d0990fe8b9a358d8547a0f517a9f.jpg", "anisotropy": 1, "offset": [0, 0], "id": "b342b5941e48473c91331f6d8ab9588e.texture", "wrapT": "Repeat"}, "8c2296d0fc054889bab92698e1d04032.machine": {"name": "Behavior", "license": "CC0", "created": "2014-07-08T16:02:52.556Z", "deleted": false, "_readOnly": false, "modified": "2014-07-14T11:01:57+00:00", "dataModelVersion": 2, "states": {"605d6728771a42ff8af986716308f395.state": {"name": "State", "transitions": {"2eceb2689a0f43edbcde1ed1aebf293b.transition": {"id": "2eceb2689a0f43edbcde1ed1aebf293b.transition", "targetState": "4aa15421b0d74dd6be7ac81fa08f64e9.state", "sortValue": 0, "name": "Inside"}, "73bffba738fc4859a094483191ef61aa.transition": {"id": "73bffba738fc4859a094483191ef61aa.transition", "sortValue": 1, "name": "Outside"}}, "id": "605d6728771a42ff8af986716308f395.state", "actions": {"818fcad02704492bb0ad903ef971fb18.action": {"name": "In Frustum", "type": "In Frustum", "options": {"current": true, "everyFrame": false, "transitions": {"inside": "2eceb2689a0f43edbcde1ed1aebf293b.transition", "outside": "73bffba738fc4859a094483191ef61aa.transition"}}, "sortValue": 0, "id": "818fcad02704492bb0ad903ef971fb18.action"}}, "sortValue": 0}, "4aa15421b0d74dd6be7ac81fa08f64e9.state": {"name": "State 1", "transitions": {}, "id": "4aa15421b0d74dd6be7ac81fa08f64e9.state", "actions": {"210601b4f9274b26917aa9c0c39058d1.action": {"name": "Emit message", "type": "Emit message", "options": {"transitions": {}, "channel": "camera"}, "sortValue": 0, "id": "210601b4f9274b26917aa9c0c39058d1.action"}}, "sortValue": 1}}, "initialState": "605d6728771a42ff8af986716308f395.state", "id": "8c2296d0fc054889bab92698e1d04032.machine"}, "64bfee3b92c0492f8e15c54403c68137.entity": {"name": "Default Lights", "license": "CC0", "created": "2014-07-04T12:41:20+00:00", "deleted": false, "_readOnly": false, "modified": "2014-07-14T07:06:25+00:00", "dataModelVersion": 2, "static": false, "components": {"transform": {"rotation": [0, 0, 0], "scale": [1, 1, 1], "translation": [0, 0, 0], "children": {"e2d99b6f52b14dc99ee0d6e10022d609.entity": {"entityRef": "e2d99b6f52b14dc99ee0d6e10022d609.entity", "sortValue": 2}, "d6ff8e7b60d04d02a662084c2058b8b4.entity": {"entityRef": "d6ff8e7b60d04d02a662084c2058b8b4.entity", "sortValue": 1}}}}, "hidden": false, "id": "64bfee3b92c0492f8e15c54403c68137.entity"}, "af39ba36c14e41fe8607810d24c1fb35.environment": {"sound": {"dopplerFactor": 0.96, "maxDistance": 7356.42, "reverb": 0, "rolloffFactor": 0.4, "volume": 1}, "globalAmbient": [0.05833333333333335, 0.05833333333333335, 0.05833333333333335, 0], "license": "CC0", "created": "2014-07-04T12:41:20+00:00", "deleted": false, "_readOnly": false, "dataModelVersion": 2, "modified": "2014-07-16T08:57:51+00:00", "fog": {"color": [0, 0, 0], "far": 100, "near": 0, "enabled": false}, "weather": {"snow": {"velocity": 10, "rate": 10, "enabled": false, "height": 25}}, "backgroundColor": [0.3, 0.3, 0.3, 1], "skyboxRef": "f223e9b0ccb2466a9fdf9881196a6024.skybox", "id": "af39ba36c14e41fe8607810d24c1fb35.environment", "name": "Default Environment"}, "972f52c1a171466bb910d41ad4e22c16.entity": {"name": "camera1", "license": "CC0", "created": "2014-07-04T12:41:21+00:00", "deleted": false, "_readOnly": false, "modified": "2014-07-16T08:59:16+00:00", "dataModelVersion": 2, "static": false, "components": {"camera": {"fov": 40, "lockedRatio": false, "far": 1000, "followEditorCam": false, "projectionMode": "Perspective", "near": 1, "aspect": 1, "size": 5}, "transform": {"rotation": [-5.438806638434399, -218.48128646709716, 0], "scale": [1, 1, 1], "translation": [10.066590309143066, 13.816057205200195, -22.39535140991211], "children": {}}, "stateMachine": {"machines": {"71e6ae19498a466d875504955a7c0ea5.machine": {"machineRef": "71e6ae19498a466d875504955a7c0ea5.machine", "sortValue": 0}}}, "script": {"scripts": {"f8cdf742c1854af385f1005e3ed8266f.scriptInstance": {"options": {"maxAscent": 20, "whenUsed": true, "orbitSpeed": 0.005, "clampAzimuth": false, "maxAzimuth": 360, "minZoomDistance": 1, "enabled": true, "minAzimuth": 0, "minAscent": -5, "lookAtDistance": 30.344463348388672, "drag": 0.9, "dragButton": "Left", "panButton": "Right", "zoomSpeed": 1, "smoothness": 0.4, "maxZoomDistance": 1000}, "scriptRef": "GOO_ENGINE_SCRIPTS/OrbitNPanControlScript", "sortValue": 0, "name": "OrbitNPan"}, "7f04cf3eb28345d58b5a8986eb320596.scriptInstance": {"options": {"scale": 1, "edgeDampen": 0.2, "color": [0.8, 0.75, 0.7], "enabled": false, "edgeScaling": 0, "intensity": 1, "edgeRelevance": 1, "highRes": false}, "scriptRef": "GOO_ENGINE_SCRIPTS/LensFlareScript", "sortValue": 1, "name": "LensFlareScript"}}}}, "hidden": false, "id": "972f52c1a171466bb910d41ad4e22c16.entity"}, "e2d99b6f52b14dc99ee0d6e10022d609.entity": {"name": "Light", "license": "CC0", "created": "2014-07-04T12:41:20+00:00", "deleted": false, "_readOnly": false, "modified": "2014-07-15T08:33:22+00:00", "dataModelVersion": 2, "static": false, "components": {"light": {"direction": [0, 0, 0], "shadowCaster": true, "color": [1, 0.8593333333333333, 0.12083333333333335, 1], "intensity": 1.85, "range": 60, "specularIntensity": 1, "penumbra": 5, "angle": 55.35, "type": "SpotLight", "shadowSettings": {"fov": 55.35, "darkness": 0.77, "far": 60, "near": 1, "resolution": [256, 256], "shadowType": "PCF", "size": 100}}, "transform": {"rotation": [-160.66633494053485, 34.11657633816025, -26.526653273935935], "scale": [1, 1, 1], "translation": [-11.79674243927002, 14.753473281860352, -9.692156791687012]}}, "hidden": false, "id": "e2d99b6f52b14dc99ee0d6e10022d609.entity"}, "2daf2ff821c341af81188b982919db83.texture": {"wrapS": "Repeat", "minFilter": "Trilinear", "name": "TT_Sand_07_Dif.jpeg", "license": "CC0", "flipY": true, "deleted": false, "magFilter": "Bilinear", "created": "2014-07-11T12:45:15.132Z", "_readOnly": false, "dataModelVersion": 2, "modified": "2014-07-11T12:43:43+00:00", "repeat": [20, 20], "imageRef": "d0fc93f6083e45cbe505d85af744a8a8f9930b46.jpg", "lodBias": 0, "anisotropy": 1, "offset": [0, 0], "id": "2daf2ff821c341af81188b982919db83.texture", "wrapT": "Repeat"}, "71e6ae19498a466d875504955a7c0ea5.machine": {"name": "Behavior", "license": "CC0", "created": "2014-07-11T11:49:51.131Z", "deleted": false, "_readOnly": false, "modified": "2014-07-15T13:35:47+00:00", "dataModelVersion": 2, "states": {"6f7fdc338da941a78bbdf11899d5f0c8.state": {"sortValue": 1, "transitions": {}, "id": "6f7fdc338da941a78bbdf11899d5f0c8.state", "actions": {}, "name": "State 1"}}, "initialState": "6f7fdc338da941a78bbdf11899d5f0c8.state", "id": "71e6ae19498a466d875504955a7c0ea5.machine"}, "7b945bfa96794204a6d32442cfa703a0.mesh": {"name": "", "license": "CC0", "created": "2014-07-04T12:41:20+00:00", "boundingVolume": {"max": [131.25295639038086, 49.547504425048835, 62.34038209915161], "type": "BoundingBox", "min": [-108.85575294494629, -19.009747028350834, 29.411968231201172]}, "_readOnly": false, "modified": "2014-07-08T14:02:56+00:00", "dataModelVersion": 2, "deleted": false, "vertexCount": 4226, "indexModes": ["Triangles"], "indices": [0, 14010, "uint16"], "attributes": {"NORMAL": {"dimensions": 3, "value": [28020, 12678, "float32"]}, "JOINTIDS": {"dimensions": 4, "value": [78732, 16904, "uint8"]}, "TEXCOORD0": {"dimensions": 2, "value": [95636, 8452, "float32"]}, "TANGENT": {"dimensions": 4, "value": [129444, 16904, "float32"]}, "POSITION": {"dimensions": 3, "value": [197060, 12678, "float32"]}, "WEIGHTS": {"dimensions": 4, "value": [247772, 16904, "float32"]}}, "binaryRef": "8fe0f5511c613a516f6997a440bdf21326f1d90c.bin", "type": "SkinnedMesh", "id": "7b945bfa96794204a6d32442cfa703a0.mesh", "indexLengths": [14010]}, "2817112992324bdd9cd3f4761b53c1d8.script": {"body": "/**\n * Implement this method to do initializing.\n * Called when pressing play and when running exported projects.\n */\nvar setup = function(args, ctx, goo) {};\ngoo.setText(\"123\");\n\n/**\n * Implement this method to do cleanup. Called on script stop and delete.\n */\nvar cleanup = function(args, ctx, goo) {};\n\n/**\n * This function will be called every frame.\n *\n * @param {object} args\n * Contains all the parameters defined in the 'parameters' variable below.\n * Its values are chosen in the scripts panel.\n *\n * @param {object} ctx\n * A contextual data object, unique for the script.\n * Properties on this object will be shared between the script's functions.\n * {\n *   entity: Entity,\n *   world: World,\n *   domElement: canvas,\n *   viewportWidth: number,\n *   viewportHeight: number,\n *   activeCameraEntity: Entity,\n *\n *   worldData: object,\n *              // Accessible to all scripts in the world.\n *\t\t\t\t// Example: ctx.worldData.helloString = 'hello';\n *\n *   entityData: object\n *               // Accessible to all scripts on this entity.\n * }\n *\n * @param {object} goo\n * Contains most useful engine classes like goo.Vector3, goo.Matrix3x3, etc.\n * See API documentation for more info on the classes.\n */\nvar update = function(args, ctx, goo) {\n};\n\n/**\n * Parameters defined here will be available on the 'args' object as 'args.key'\n * and customizable using the script panel. Parameters are defined like below.\n * 'key', 'type', and 'default' are required properties.\n * {\n *   key: string,\n *   name: string,\n *   type: enum ('int', 'float', 'string', 'boolean', 'vec3'),\n *   control: enum (\n *    'slider', // Slider with min and max values.\n *    'color',  // Color picker for RGB vec3.\n *    'select', // Used together with the 'options' property.\n *   ),\n *   description: string, // Short tooltip description of the parameter.\n *   options: *[], // Array of values of specified type.\n *   default: *, // Preselected value. One of the options if options are used.\n *   min: number, // Can be used when data type is float or int.\n *   max: number, // Can be used when data type is float or int.\n *   precision: number, // Number of significant digits for float values.\n *   scale: number, // How fast number values change when dragging slider.\n *   exponential: boolean // Can be used together with slider.\n * }\n */\nvar parameters = [];", "name": "text_test", "license": "CC0", "created": "2014-07-08T15:37:52.206Z", "deleted": false, "_readOnly": false, "modified": "2014-07-16T08:59:16+00:00", "dataModelVersion": 2, "dependencies": {}, "id": "2817112992324bdd9cd3f4761b53c1d8.script"}, "9ab8be30b4604b0eba9981cf6538fb4a.sound": {"name": "great-wings-in-motion_01", "license": "CC0", "created": "2014-07-04T12:41:19+00:00", "deleted": false, "audioRefs": {"mp3": "88dafdfccc18453f178890798e0005d3fe5ff68d.mp3"}, "_readOnly": false, "dataModelVersion": 2, "modified": "2014-07-11T11:26:37+00:00", "volume": 1, "id": "9ab8be30b4604b0eba9981cf6538fb4a.sound", "loop": true}, "ce73a49f1a20440e8a5453f19ce628d2.entity": {"name": "text", "license": "CC0", "created": "2014-07-08T15:37:22.691Z", "deleted": false, "_readOnly": false, "modified": "2014-07-16T08:59:16+00:00", "dataModelVersion": 2, "static": false, "components": {"transform": {"translation": [0, 8.862656593322754, 0], "scale": [1, 1, 1], "rotation": [0, 0, 0]}, "stateMachine": {"machines": {}}, "script": {"scripts": {"af738c7057f94e09bda8a64044604949.scriptInstance": {"scriptRef": "2817112992324bdd9cd3f4761b53c1d8.script", "name": "text_test", "sortValue": 0, "options": {"enabled": true}}}}}, "hidden": false, "id": "ce73a49f1a20440e8a5453f19ce628d2.entity"}, "229b97d55ace47fc870fea04a1960615.scene": {"canvas": {"resolution": {"width": 1920, "height": 1080}, "mode": "Stretch"}, "initialCameraRef": "972f52c1a171466bb910d41ad4e22c16.entity", "name": "Scene", "license": "CC0", "created": "2014-07-04T12:41:20+00:00", "deleted": false, "environmentRef": "af39ba36c14e41fe8607810d24c1fb35.environment", "_readOnly": false, "dataModelVersion": 2, "modified": "2014-07-16T08:57:52+00:00", "entities": {"33774ab606ba48e987187f9b05618c59.entity": {"entityRef": "33774ab606ba48e987187f9b05618c59.entity", "sortValue": 7}, "64bfee3b92c0492f8e15c54403c68137.entity": {"entityRef": "64bfee3b92c0492f8e15c54403c68137.entity", "sortValue": 1}, "052696596be44b42b5c914b5c8205003.entity": {"entityRef": "052696596be44b42b5c914b5c8205003.entity", "sortValue": 10}, "972f52c1a171466bb910d41ad4e22c16.entity": {"entityRef": "972f52c1a171466bb910d41ad4e22c16.entity", "sortValue": 0}, "a82978d43d9b42a48c45bea8a8d8e121.entity": {"entityRef": "a82978d43d9b42a48c45bea8a8d8e121.entity", "sortValue": 8}, "01e72cb2aa33418e9aa866ae78b135a4.entity": {"entityRef": "01e72cb2aa33418e9aa866ae78b135a4.entity", "sortValue": 6}, "ce73a49f1a20440e8a5453f19ce628d2.entity": {"entityRef": "ce73a49f1a20440e8a5453f19ce628d2.entity", "sortValue": 9}, "f1542f72aa6e4b97a3ed24fa215fb861.entity": {"entityRef": "f1542f72aa6e4b97a3ed24fa215fb861.entity", "sortValue": 5}}, "id": "229b97d55ace47fc870fea04a1960615.scene"}, "87202d8ebe1b4b2db2e4bf63c22bbded.animstate": {"name": "death", "license": "CC0", "created": "2014-07-04T12:41:20+00:00", "deleted": false, "_readOnly": false, "modified": "2014-07-08T14:02:57+00:00", "dataModelVersion": 2, "clipSource": {"clipRef": "19cb4c1db768414880adb093d0b3729e.clip", "type": "Clip", "loopCount": -1, "timeScale": 1}, "id": "87202d8ebe1b4b2db2e4bf63c22bbded.animstate"}, "668cffeed4194451aa0e834c95e90773.skeleton": {"name": "Skeleton", "license": "CC0", "created": "2014-07-04T12:41:20+00:00", "deleted": false, "joints": {"b36d08b7783e40af92633e8f935fec16.joint": {"index": 77, "name": "Bip01 L Toe0", "inverseBindPose": [0.187014052118032, 0.04240145301923147, -0.9814417041720249, 0, -0.9567842267814508, -0.21861298638832813, -0.1917603932619137, 0, -0.22268681137505342, 0.9748899063677524, -0.00031465904962072475, 0, 28.632485782241723, -13.319252131892497, 12.697758095886755, 1], "parentIndex": 76}, "6b71f8420938464794fff3811ce56bdd.joint": {"index": 72, "name": "Bip01 Xtra05Opp02", "inverseBindPose": [0.9942506859895859, 0.003219123833185646, -0.10702888794601903, 0, -0.10700715023375683, -0.006299673370827779, -0.994238329021996, 0, -0.003874822873182322, 0.9999750442950642, -0.0059189851940178164, 0, -45.20672142096399, -41.320262690293056, 4.3332718283459055, 1], "parentIndex": 71}, "618c1bfe73584a6a890b758612f8cdfe.joint": {"index": 3, "name": "Bip01 Spine1", "inverseBindPose": [2.414412914466537e-06, -2.519025736430693e-06, 0.999999999987826, 0, -0.9966590338580675, -0.08167437667181403, 2.200606731986581e-06, 0, 0.08167437666579457, -0.996659033857055, -2.707805606387444e-06, 0, 9.632237236843983, 36.00853611365241, -0.001899816379181855, 1], "parentIndex": 2}, "0b373d3d0a0d40b99f6ef346de4e811b.joint": {"index": 86, "name": "Bip01 R Toe2", "inverseBindPose": [0.23962917036536693, 0.08524023142716165, -0.9671153404884784, 0, -0.9372848494870635, -0.23940871801714764, -0.2533390231426765, 0, -0.25313051765582734, 0.9671698712523833, 0.022525065485633346, 0, 30.986800670097516, -11.963512900669851, 2.006469638691543, 1], "parentIndex": 83}, "aeee0337943d4b5781de21cc6cb58c61.joint": {"index": 46, "name": "Bip01 Xtra0106", "inverseBindPose": [0.3528106492621416, -0.0038407768931624257, 0.93568679320987, 0, 0.9356937749351839, 0.002947881662448608, -0.3528010673654292, 0, -0.0014032641163635418, 0.9999881811896478, 0.004633834777991009, 0, -22.361876562435942, -41.26130415820214, 51.33240304192288, 1], "parentIndex": 45}, "1053dc31752845549c694c4d04d2420c.joint": {"index": 59, "name": "Bip01 Xtra01Opp03", "inverseBindPose": [0.9347923984013442, 0.0028112328601027797, -0.3551834824464328, 0, -0.3551925643421526, 0.00397725431227276, -0.9347846333926906, 0, -0.0012152425076792429, 0.9999880203860145, 0.0047164361925115085, 0, -8.391588184590137, -41.274861365054974, 18.165378486229724, 1], "parentIndex": 58}, "97f1320f50bc4bddac7addb48dc11eab.joint": {"index": 5, "name": "Bip01 Neck1", "inverseBindPose": [7.197741592586925e-05, -0.0006320266457477391, 0.9999997741754006, 0, -0.5732950438100746, -0.8193487286080833, -0.00047658612480116607, 0, 0.8193488615552862, -0.5732948952657565, -0.0004213124337702679, 0, -33.428008365455945, 24.773133665594955, 0.016056164046328987, 1], "parentIndex": 4}, "44fb312b2cbf4fe29dce58a822e85282.joint": {"index": 2, "name": "Bip01 Spine", "inverseBindPose": [2.4368655151817414e-06, -2.833352526418372e-06, 0.999999999986034, 0, -0.9989300851553973, 0.04624579420525738, 2.5652889438983628e-06, 0, -0.04624579421225112, -0.9989300851536292, -2.7176263305602086e-06, 0, 20.659235557633625, 34.475838828211586, -0.0019040679364446622, 1], "parentIndex": 1}, "64c4935236dd4a01b3cce9b8d34eeb2c.joint": {"index": 63, "name": "Bip01 Xtra02Opp", "inverseBindPose": [0.9997642886175802, -0.005636635569583921, -0.02096570716880604, 0, -0.02084126810091893, 0.021296778192512838, -0.9995558864776615, 0, 0.006080635147105295, 0.9997572074870472, 0.02117428491241001, 0, -31.387823611851292, -41.051738542910904, 6.822650464125344, 1], "parentIndex": 59}, "93b2ad2bf4f24c33be77ab772e878ca9.joint": {"index": 28, "name": "Bip01 L Finger31", "inverseBindPose": [0.46573007638399655, -0.02320289336227286, 0.8846225865183657, 0, -0.874162985618237, 0.14337976669840763, 0.46398413603511524, 0, -0.1376027541532489, -0.9893956779429259, 0.046493162099993525, 0, -1.271801275912381, 19.284304299277316, -9.9908477286946, 1], "parentIndex": 27}, "0bfbeb0cd16a45d594d0348ff3b85846.joint": {"index": 58, "name": "Bip01 Xtra01Opp02", "inverseBindPose": [0.9402236447572717, 0.002804560054409899, 0.34054631955405273, 0, 0.34053669276538456, 0.003423098458750311, -0.9402249496092983, 0, -0.0038026418277851974, 0.9999901322985822, 0.00226342230616407, 0, -9.657321748152693, -41.278767892749855, 8.316271286184294, 1], "parentIndex": 57}, "1d98017eb1bd47a6b2e83926412bdc85.joint": {"index": 55, "name": "Bip01 Xtra05", "inverseBindPose": [-0.9195004587186224, -0.0032788965978134336, -0.3930756512053088, 0, -0.39305236400227567, -0.006074031704881182, 0.919495884025194, 0, -0.005402488689885367, 0.9999760770481749, 0.004296295516727069, 0, -27.511309058585052, -41.340343479016596, -17.351328409350074, 1], "parentIndex": 43}, "e778f4c67f0148c288c5953c40dcc585.joint": {"index": 57, "name": "Bip01 Xtra01Opp", "inverseBindPose": [0.9281964086880594, -0.21210460475834567, 0.30571771362041417, 0, 0.31021344962116637, -0.012594234159191794, -0.9505835249430634, 0, 0.20547345441132395, 0.9771658037384455, 0.05410777077114363, 0, -15.248650233105671, -38.796735053535066, 6.516912825724848, 1], "parentIndex": 3}, "5abff1b35d484f50896149aab1886eee.joint": {"index": 56, "name": "Bip01 Xtra0502", "inverseBindPose": [-0.9942508862620919, -0.003220110985170879, -0.1070276319639715, 0, -0.10700590622500258, -0.006301984420915903, 0.994238270763505, 0, -0.003876045083921737, 0.9999748895910056, 0.005921181922925778, 0, -45.2027444340209, -41.32023239185851, -4.332685498363622, 1], "parentIndex": 55}, "8639cb37d77442c9b0dc205042fbdddc.joint": {"index": 20, "name": "Bip01 L Hand", "inverseBindPose": [0.025523221972935224, -0.016761523136955597, 0.9995336264609277, 0, -0.9907607513189317, 0.13279808953649547, 0.02752614137314795, 0, -0.13319754591526217, -0.9910013141120589, -0.013217224672563163, 0, 6.594014118358702, 19.676157997210247, -7.6472979027604016, 1], "parentIndex": 19}, "49a1fdb2ff46408ca37a16596ca39195.joint": {"index": 60, "name": "Bip01 Xtra01Opp04", "inverseBindPose": [0.5255657272921984, 0.0031335758892239627, 0.8507472191278092, 0, 0.8507425523574583, 0.003015672576161881, -0.5255739625960006, 0, -0.004212501329345376, 0.9999904442566085, -0.0010809323170495944, 0, -22.24581948526116, -41.261816215102, -19.281738149048465, 1], "parentIndex": 59}, "c53fa15aeea84fc38c2879fbfef7588c.joint": {"index": 35, "name": "Bip01 R Finger1", "inverseBindPose": [0.4785713977710542, -0.01571386889967318, 0.8779079696474359, 0, -0.8714046165514747, 0.11426609808654123, 0.477071485523577, 0, -0.10781176001315386, -0.9933259004266076, 0.040991346747954266, 0, 6.543667502344999, 19.224313643360148, 4.129785943792401, 1], "parentIndex": 32}, "286628adf5d142c68276fe497a64e9ad.joint": {"index": 49, "name": "Bip01 Xtra0203", "inverseBindPose": [-0.7271659659317148, 0.005415290406099301, 0.6864404044646681, 0, 0.6863844697203786, 0.020731623709083664, 0.7269433764966927, 0, -0.010294413685150421, 0.9997703591313831, -0.01879230615750591, 0, -71.42962399933894, -41.01533663623279, 45.92684121994896, 1], "parentIndex": 48}, "e2fc8b119e8740ffbf798f44a968a356.joint": {"index": 47, "name": "Bip01 Xtra02", "inverseBindPose": [-0.9997645236764822, 0.005634375158530785, -0.020966394581245284, 0, -0.020842024892151288, 0.02129409272895121, 0.9995559100277256, 0, 0.006078335330751321, 0.9997573474684509, -0.021171641055408218, 0, -31.383766843733795, -41.05175880028867, -6.8224928209665805, 1], "parentIndex": 43}, "dcc883305ef841338909c0a5de0f7b4c.joint": {"index": 23, "name": "Bip01 L Finger1", "inverseBindPose": [-0.4785675004769757, 0.015714626932908524, 0.8779100575581915, 0, -0.8714067151140822, 0.1142659388824038, -0.47706768845090336, 0, -0.10781216387865845, -0.993325913611045, -0.040990129964603585, 0, 6.545615005392895, 19.22423098549522, -4.133306817868961, 1], "parentIndex": 20}, "e046ebc78f8d4cddb78e109e76890ef8.joint": {"index": 34, "name": "Bip01 R Finger01", "inverseBindPose": [0.7917224081859182, -0.2414649906283945, -0.5611329898352507, 0, 0.5439399830607919, -0.13942331754801096, 0.827460128502083, 0, -0.27803774475872595, -0.9603414136809106, 0.02095789642169413, 0, 6.482730560003657, 18.335256116018634, -8.192739654869431, 1], "parentIndex": 33}, "84900bd6b62a4734abbf75378f602cf4.joint": {"index": 65, "name": "Bip01 Xtra02Opp03", "inverseBindPose": [0.7271655758021667, -0.005421275125239151, 0.6864406260303806, 0, 0.686385140926292, 0.020732925271123723, -0.7269425288521294, 0, -0.010290971637265717, 0.9997702402318244, 0.018797347492147086, 0, -71.43278966211405, -41.015038748587685, -45.92963024102889, 1], "parentIndex": 64}, "9e51b7dcd29b42c985202ceb8ac42a4f.joint": {"index": 40, "name": "Bip01 R Finger31", "inverseBindPose": [-0.4657259384962727, 0.02320389310359417, 0.8846247261685026, 0, -0.8741651886920896, 0.14337981405923228, -0.4639801160912566, 0, -0.1376034971945709, -0.9893956176975388, -0.046491660531689474, 0, -1.2699501789502428, 19.284236019528258, 9.98726410619758, 1], "parentIndex": 39}, "cac7e105c69240afa5a3da5aaa3468a8.joint": {"index": 7, "name": "Bip01 Neck3", "inverseBindPose": [-3.2215377470135724e-05, -0.0006353539057381355, 0.9999997741014138, 0, -0.7000728875824459, -0.7140711234324563, -0.00047624114486199823, 0, 0.7140712745033065, -0.7000727681371706, -0.0004217900285736633, 0, -35.83402407660033, 30.96229876139754, 0.01607915458327056, 1], "parentIndex": 6}, "4a9b297b87134dd0a1c58218ab306f7c.joint": {"index": 74, "name": "Bip01 L Calf", "inverseBindPose": [-0.0004617347099418212, 0.0003848275645031288, -0.9999998175227074, 0, 0.9689199224001246, -0.24737396929368777, -0.0005425803813970662, 0, -0.2473741296096098, -0.9689200127691274, -0.00025864594432056136, 0, -18.160157443112734, 33.70799485939719, 5.834630459937002, 1], "parentIndex": 73}, "4ea7df070541498c922096d1aeaabe2c.joint": {"index": 54, "name": "Bip01 Xtra0402", "inverseBindPose": [0.42229271708728217, 0.016490533015075862, 0.9063094899800097, 0, 0.9064569683000218, -0.010077412898354988, -0.42217801110502146, 0, 0.0021713149801350566, 0.9998130952246526, -0.019203577941324504, 0, -7.241621665744097, -40.6474024522728, 33.28854562430857, 1], "parentIndex": 53}, "f7195e0a049c4525938d7d81428dbaca.joint": {"index": 10, "name": "Bip01 Xtra09", "inverseBindPose": [1.735240850915828e-06, -4.7145891676909476e-06, 0.9999999999747623, 0, -0.6222468371440544, 0.782820911151109, 4.770428725138973e-06, 0, -0.7828210132576171, -0.6222467559923358, -1.575255791915006e-06, 0, 32.86748080951031, 36.94281377506951, -0.0013571126487688088, 1], "parentIndex": 9}, "225e925e06154aab83afdd67bd49bc91.joint": {"index": 53, "name": "Bip01 Xtra04", "inverseBindPose": [-4.9477815343157404e-06, -3.633856690463168e-06, 1.0000001191716197, 0, 0.9989300280894818, -0.04624382849966851, 4.7744461377397905e-06, 0, 0.046243828481186744, 0.9989300280999129, 3.858774572251362e-06, 0, -13.480783463109098, -40.32667229121434, 26.44091768771772, 1], "parentIndex": 43}, "eb7246cf8b6b4c44bab5e00e76a0e578.joint": {"index": 89, "name": "Bip01 Tail2", "inverseBindPose": [-4.063770926416811e-06, -3.968381560412961e-06, 0.9999999999677378, 0, 0.9647976398153022, 0.2629935372604931, 4.964374873115825e-06, 0, -0.2629935372758506, 0.9647976398202822, 2.759939434152324e-06, 0, -35.05125407303946, -40.05426984484984, -0.002140934661677661, 1], "parentIndex": 88}, "fc8f6f70069e4bf3829cebe592d82163.joint": {"index": 67, "name": "Bip01 Xtra03Opp02", "inverseBindPose": [0.6421515945122291, 0.014597414801511582, 0.7664385899785812, 0, 0.7665147785552794, 0.0005802804900978115, -0.6422263342432277, 0, -0.009819596079877391, 0.9998931404148905, -0.010816506453206554, 0, -44.68397914169208, -41.69335936726262, -23.49335461836791, 1], "parentIndex": 66}, "e9c0ed22305245528e871db642730e0c.joint": {"index": 45, "name": "Bip01 Xtra0105", "inverseBindPose": [-0.19188992855244708, -0.0034068489196954583, 0.981410576174768, 0, 0.9814101381609287, 0.0029114092773983827, 0.19189997717531362, 0, -0.003511062349980981, 0.9999898113409802, 0.0027848465611899987, 0, -30.084532716423983, -41.2567177893453, 31.922756926887, 1], "parentIndex": 44}, "8283444e1e4c449cbc22ad3673afcec6.joint": {"index": 68, "name": "Bip01 Xtra03Opp03", "inverseBindPose": [0.2421685503896601, 0.01491536862606545, 0.9701194278256391, 0, 0.9702258893059802, 0.00041692067869769195, -0.24220147442025053, 0, -0.004016988056821334, 0.9998885677891496, -0.014370311389798992, 0, -46.750825752701175, -41.68023483496819, -48.85247344971606, 1], "parentIndex": 67}, "ab4ecb696e694102b489a7ee9d7e5ef4.joint": {"index": 79, "name": "Bip01 L Toe2", "inverseBindPose": [-0.23962470713362619, -0.08523912683058738, -0.9671164953538761, 0, -0.9372856535046498, -0.23941033866578543, 0.2533344466894935, 0, -0.25313170152590037, 0.9671695605861728, -0.0225247782990378, 0, 30.987799433034155, -11.96312281038809, -2.002631011770923, 1], "parentIndex": 76}, "ee1eecc7849e403abc0ff339fe1a8648.joint": {"index": 38, "name": "Bip01 R Finger21", "inverseBindPose": [-0.013596209037876995, 0.016815631397935665, 0.9997660924309146, 0, -0.9931409045692502, 0.11589806378148669, -0.015455462053310626, 0, -0.11613085403473036, -0.9931188201446385, 0.015124514471952347, 0, 1.6630367152571068, 19.531319991634007, 7.5884014384061205, 1], "parentIndex": 37}, "8b7cc1b64e324e5783daed95603b2fe4.joint": {"index": 48, "name": "Bip01 Xtra0202", "inverseBindPose": [-0.9242802991928648, 0.005573156842345837, 0.3816738982970508, 0, 0.38170388373869923, 0.02097375216067471, 0.9240467666095774, 0, -0.00285527621583579, 0.9997644244638181, -0.021512924284254203, 0, -56.84114558874287, -41.03266582398631, 17.417742534971392, 1], "parentIndex": 47}, "75eee9d105914afabdc5c82ce78f3f01.joint": {"index": 37, "name": "Bip01 R Finger2", "inverseBindPose": [-0.014633675981277725, 0.015920987636226926, 0.9997660924878204, 0, -0.9984865825322535, 0.05278064747871599, -0.015455460234022238, 0, -0.05301437063890223, -0.9984792851693337, 0.015124514472849755, 0, 2.503286060030913, 19.597429629661367, 7.588401533718225, 1], "parentIndex": 32}, "469b3cdf1b324b77b5204f793e84be10.joint": {"index": 90, "name": "Bip01 Tail3", "inverseBindPose": [-3.7949353444822796e-06, -4.0123661974136265e-06, 0.9999999999695001, 0, 0.9811523017056649, 0.19323666728571467, 4.498744700936181e-06, 0, -0.19323666730098238, 0.9811523017069426, 3.2034208744605918e-06, 0, -44.822768609218464, -36.934262018631046, -0.0021293506888056435, 1], "parentIndex": 89}, "0f8db5d4b7944f8da70364166fddd30e.joint": {"index": 32, "name": "Bip01 R Hand", "inverseBindPose": [-0.025518590962172658, 0.016762227289992722, 0.9995337202363394, 0, -0.9907609967037423, 0.13279766903294304, -0.027521637068853484, 0, -0.13319708604109176, -0.9910014045811683, 0.01321855054023409, 0, 6.594078155482309, 19.676114876039154, 7.643272451918291, 1], "parentIndex": 31}, "e96197f21afd4e63b4b9574aa7a88560.joint": {"index": 13, "name": "Bip01 Xtra12Opp", "inverseBindPose": [0.7369811411471539, 0.03031265053559496, 0.6752331732393165, 0, -0.6756662116392235, 0.006036522028238763, 0.7371829100419967, 0, 0.01826990814726661, -0.9995221467685891, 0.024930040986398484, 0, -9.122092057021627, 50.33621757245104, 5.786494731439582, 1], "parentIndex": 9}, "9dd5f6e8fd6a4da1917af2cb74696946.joint": {"index": 84, "name": "Bip01 R Toe0", "inverseBindPose": [-0.18700959048219806, -0.04240085106949886, -0.9814425740512838, 0, -0.9567852749242671, -0.2186129468052406, 0.19175588168257407, 0, -0.2226866961662535, 0.9748899145891541, 0.0003142077291666577, 0, 28.63320311452101, -13.31910377453648, -12.693837449968177, 1], "parentIndex": 83}, "b3ab350995c544689943e3c1e9c81e95.joint": {"index": 1, "name": "Bip01 Pelvis", "inverseBindPose": [1.0344717091904505e-06, 1.3692689859951364e-06, 0.999999999997055, 0, -0.9989666167143132, 0.045450421101883305, 9.711688105259287e-07, 0, -0.045450421100504866, -0.9989666167134449, 1.4148711215601712e-06, 0, 25.47009983024427, 34.48029338420838, -0.0020133344505379068, 1], "parentIndex": 0}, "bfa6bb7b68b14d15ad472bd79499f139.joint": {"index": 21, "name": "Bip01 L Finger0", "inverseBindPose": [-0.8173759439813325, 0.13049999232105816, -0.5611294112793141, 0, 0.5579260681432362, -0.06343506941255514, -0.827462618712359, 0, -0.14357917208242824, -0.9894167184023445, -0.020959050744809127, 0, 5.032468788511405, 19.051036454775993, 8.195034321101877, 1], "parentIndex": 20}, "3d701e4fcdc84de28850e39080764de8.joint": {"index": 71, "name": "Bip01 Xtra05Opp", "inverseBindPose": [0.9194997664625004, 0.0032794032656936548, -0.39307679409968344, 0, -0.39305327701288123, -0.00607212031608588, -0.919495759579174, 0, -0.005402205810774842, 0.9999762161636152, -0.004294333695786624, 0, -27.514873133857968, -41.340440098570525, 17.35304229985733, 1], "parentIndex": 59}, "9ce3855103194aaa80ffaee5c831fe7f.joint": {"index": 73, "name": "Bip01 L Thigh", "inverseBindPose": [0.00010429522824833963, 0.0005919119274720552, -0.9999998175766307, 0, 0.267171454093306, -0.9636487918618414, -0.0005425306753564372, 0, -0.9636489687914516, -0.2671713409772915, -0.0002586459662383509, 0, 27.92834259921445, 32.51717285881219, 5.834629670092966, 1], "parentIndex": 2}, "87efdf943173459e816c24ca675ebecb.joint": {"index": 12, "name": "Bip01 Xtra12", "inverseBindPose": [-0.7369735918168897, -0.030316444245264928, 0.6752411920384701, 0, -0.6756745104822659, 0.006039382887410617, -0.7371752110470448, 0, 0.018270495002598426, -0.9995220013407439, -0.024934914160698842, 0, -9.120035141792137, 50.33632160038772, -5.788151217631032, 1], "parentIndex": 9}, "e2605a79f87c454c9ac83ccc83b5999e.joint": {"index": 80, "name": "Bip01 R Thigh", "inverseBindPose": [8.469197469902943e-05, 0.00048238608170905615, -0.9999998793401663, 0, 0.26687753361613853, -0.9637303095014814, -0.0004422878006133606, 0, -0.9637305082773349, -0.26687743617910764, -0.0002103582278604906, 0, 27.93936896155099, 32.514871342163914, -5.790538709037991, 1], "parentIndex": 2}, "44bbd7192def479bb47fe95199653972.joint": {"index": 19, "name": "Bip01 L Forearm", "inverseBindPose": [0.07694032148604402, 0.028337084589782176, 0.9966328067110979, 0, -0.39661408013948657, 0.9179743000359499, 0.004518109879073968, 0, -0.9147554165249941, -0.39562626431547804, 0.08186811600714472, 0, 28.02348612257542, 4.008854555917809, -9.457601051288531, 1], "parentIndex": 18}, "946e25e518ae4fdd9d5fd699ca49d917.joint": {"index": 15, "name": "Bip01 Xtra0802", "inverseBindPose": [2.5660862906494366e-06, -3.1581258618905387e-06, 0.999999999983442, 0, -0.9786738683966182, 0.20541972721556864, 3.1601036292094344e-06, 0, -0.20541973983583747, -0.9786738083097778, -2.5636511522529223e-06, 0, -0.8023990590171657, 49.075450276655104, -0.0013225467679414383, 1], "parentIndex": 14}, "d5207ad0735048f5a2fc17bada6d3812.joint": {"index": 25, "name": "Bip01 L Finger2", "inverseBindPose": [0.014638228379036316, -0.015919913297996025, 0.9997660529728283, 0, -0.998486465707476, 0.052780996511728004, 0.015459955796404773, 0, -0.053014773657484714, -0.9984792226434616, -0.01512319602271539, 0, 2.503263899095497, 19.597472410529726, -7.592427370433507, 1], "parentIndex": 20}, "678cf2ce89eb413f96e8f83138d1da35.joint": {"index": 22, "name": "Bip01 L Finger01", "inverseBindPose": [-0.7917243876822402, 0.24146677777000866, -0.5611293842076722, 0, 0.5439366315223544, -0.1394217233856424, -0.8274626370714714, 0, -0.2780384225553219, -0.9603410812829785, -0.020959050707351597, 0, 6.485887179595246, 18.33427171156186, 8.195035072085577, 1], "parentIndex": 21}, "80f7a21bed22481e9eac13ac0f1fcbd6.joint": {"index": 43, "name": "Bip01 Xtra0103", "inverseBindPose": [-0.9347898387549958, -0.002811411131436546, -0.3551902250139115, 0, -0.3551993009417039, 0.00397365543822078, 0.9347820971236642, 0, -0.0012166534658330209, 0.9999880479996305, -0.0047131440476678365, 0, -8.38776824590159, -41.27477032999843, -18.164106051131714, 1], "parentIndex": 42}, "dbd6ae7140ea42ff863dc5ee825052e2.joint": {"index": 52, "name": "Bip01 Xtra0303", "inverseBindPose": [-0.24218078973668294, -0.014925089663493516, 0.9701165134984843, 0, 0.9702226325046877, 0.00042008134716411223, 0.24221391673756934, 0, -0.004022590896729539, 0.9998885134895129, 0.014378929456225204, 0, -46.749807526338785, -41.68057870630876, 48.8481406216473, 1], "parentIndex": 51}, "ce066e4061914319969f516bf285caa5.joint": {"index": 82, "name": "Bip01 R HorseLink", "inverseBindPose": [0.0003421322066913499, 0.0003505716883279711, -0.9999998792543393, 0, -0.3234292596818361, -0.9462522677851083, -0.00044238486015205303, 0, -0.9462522952235437, 0.3234293770580087, -0.00021035822958814053, 0, 35.57935253672433, 22.13283536831878, -5.790536422875665, 1], "parentIndex": 81}, "f0e888de4fe149449752e7eaea00bb21.joint": {"index": 14, "name": "Bip01 Xtra08", "inverseBindPose": [2.592072044198202e-06, -2.740308006008225e-06, 0.9999999999857725, 0, -0.9989744575279491, 0.04527284616738623, 2.7134763994772713e-06, 0, -0.0452728461745178, -0.9989744575274823, -2.6201482797020108e-06, 0, -7.71097328959117, 48.30597833292093, -0.0013246983745022881, 1], "parentIndex": 9}, "25d0a6665ae34cd7b0612a57fc8b1a8e.joint": {"index": 33, "name": "Bip01 R Finger0", "inverseBindPose": [0.8173736598542378, -0.13049877707708876, -0.5611330375729058, 0, 0.5579295528256343, -0.06343637988183287, 0.827460155681711, 0, -0.14357880665950185, -0.9894168741995818, 0.020957898484080133, 0, 5.029212939447358, 19.051576421254016, -8.192740030612397, 1], "parentIndex": 32}, "340ae41e1c2a4614a47b6eeaaa3ca49b.joint": {"index": 6, "name": "Bip01 Neck2", "inverseBindPose": [4.689326124400422e-05, -0.0006344324122535854, 0.9999997741103994, 0, -0.6055482643840855, -0.7958083578500201, -0.00047649060988156657, 0, 0.7958084589858008, -0.6055481500435044, -0.00042149754588922483, 0, -36.382494546231946, 26.248944790902442, 0.016064581119830376, 1], "parentIndex": 5}, "500b31accc9346188f73ab3f31108cd2.joint": {"index": 0, "name": "Bip01", "inverseBindPose": [-5.418115947540082e-09, 0.9999999999956476, 2.086216659826771e-06, 0, 0.045450450779749504, 2.0843069664868044e-06, -0.9989666140047766, 0, -0.9989666140091246, 8.94069671500205e-08, -0.04545045077956299, 0, 34.48029258198741, -0.0019927228879207054, 25.470100820151856, 1], "parentIndex": -32768}, "c06be436a7494055bf38b6c71dcb54a9.joint": {"index": 66, "name": "Bip01 Xtra03Opp", "inverseBindPose": [0.844507274609684, 0.014436866670455921, 0.5353493374132536, 0, 0.5353957021519852, 0.0007648413842207352, -0.844600882397694, 0, -0.012602849869444595, 0.9998954082807959, -0.0070835221761073805, 0, -33.44035192672641, -41.70431596825556, -8.830882459850889, 1], "parentIndex": 59}, "7b32c338e5404153b8b7ce366d104bf7.joint": {"index": 83, "name": "Bip01 R Foot", "inverseBindPose": [7.005811238483481e-07, -8.033996440978214e-06, -0.9999999999349646, 0, 0.0016442750975411847, -0.9999986671999558, 8.035137375169322e-06, 0, -0.9999986672640189, -0.0016442751030643224, -6.873700635942881e-07, 0, 21.323755894753905, 30.728625800369898, -5.808843327615465, 1], "parentIndex": 82}, "20f031dc3b454972ae5455e77257fd91.joint": {"index": 27, "name": "Bip01 L Finger3", "inverseBindPose": [0.4661290235572227, 0.01290891798096206, 0.884622553851789, 0, -0.8826373039130763, 0.07529945986119509, 0.4639841686438333, 0, -0.060622068377386824, -0.9970773436509316, 0.04649316080642741, 0, -1.2619220258416775, 19.128046988660614, -9.990847463282114, 1], "parentIndex": 20}, "06eebd96847549269af6dd3ba408aa61.joint": {"index": 85, "name": "Bip01 R Toe1", "inverseBindPose": [-0.034000087849032565, -0.03159251790585161, -0.9989223380215307, 0, -0.9592103452252284, -0.27963175704877513, 0.04149221850773716, 0, -0.2806412604010268, 0.9595874185215808, -0.020796364666885562, 0, 31.051439599732895, -11.606688296147457, -6.633542804478958, 1], "parentIndex": 83}, "d68b05a6410442bb87b84050b8239151.joint": {"index": 11, "name": "Bip01 Xtra11", "inverseBindPose": [2.520200375923055e-06, -3.390990384658249e-06, 0.9999999999821502, 0, -0.9558306932718714, 0.2939169561296565, 3.4055562570355945e-06, 0, -0.2939169728843599, -0.9558306388139283, -2.5004844567100973e-06, 0, 3.0571424499731705, 50.652230462598546, -0.0013202307498362091, 1], "parentIndex": 9}, "b23442b59b4c44f3a08c139bb9935c00.joint": {"index": 36, "name": "Bip01 R Finger11", "inverseBindPose": [0.4783271193746406, -0.021925380137084335, 0.8779079334723762, 0, -0.8698477637104086, 0.125569069027357, 0.4770715223944296, 0, -0.12069806306774074, -0.9918425761283508, 0.040991345540431, 0, 5.331916350723102, 19.156708635438083, 4.129785214358984, 1], "parentIndex": 35}, "0b572133307e41a9b18c9ec1bab56937.joint": {"index": 51, "name": "Bip01 Xtra0302", "inverseBindPose": [-0.6421610813343077, -0.01460597264797069, 0.766430576119218, 0, 0.766506518506538, 0.0005810764285269132, 0.6422361911997647, 0, -0.009825836166500167, 0.9998931280039859, 0.010822432334057885, 0, -44.681254821036916, -41.69355880810644, 23.489861999429223, 1], "parentIndex": 50}, "3576a78ebc524fe9bc64abea3c6c44c2.joint": {"index": 76, "name": "Bip01 L Foot", "inverseBindPose": [-7.085323530603051e-07, -5.35946191038357e-06, -0.9999999999707736, 0, 0.0016447144833703377, -0.9999986061856841, 5.3582895489903575e-06, 0, -0.9999986062139, -0.001644714479526574, 7.173462092940896e-07, 0, 21.323739147845536, 30.728770261521497, 5.812270133850709, 1], "parentIndex": 75}, "b6777a7b34e64efb89f972ee5ff096c0.joint": {"index": 29, "name": "Bip01 R Clavicle", "inverseBindPose": [-0.4878462404291443, -0.8614465934163008, 0.14112354565974883, 0, 0.2086984430044272, 0.04187916816350664, 0.9770829386802526, 0, -0.8476149103151807, 0.5061185143134893, 0.15935195943213776, 0, 30.907219502293184, -24.2866609888505, -11.528059729978304, 1], "parentIndex": 4}, "d42fed472cbc463abb4d8bd3157ff830.joint": {"index": 31, "na