{"db8b25624a904b7f89573156c91095ef.entity": {"name": "assaultMesh", "license": "CC0", "created": "2014-10-16T15:51:36.098475+00:00", "deleted": false, "_readOnly": false, "modified": "2014-10-17T09:53:35.089182+00:00", "dataModelVersion": 2, "static": false, "components": {"transform": {"rotation": [0, 0, 0], "scale": [1, 1, 1], "translation": [0, 0, 0]}, "meshRenderer": {"reflectable": true, "materials": {"4faf410ce5934ca895a51f13bc400198.material": {"materialRef": "4faf410ce5934ca895a51f13bc400198.material", "sortValue": 0}}, "receiveShadows": true, "cullMode": "Dynamic", "castShadows": true}, "meshData": {"meshRef": "5cc5a1e4c7374a48b9c7a2cdfc1284ea.mesh", "poseRef": "66d70a7ada6e47fe983f5f5768eb08c9.skeleton"}}, "hidden": false, "id": "db8b25624a904b7f89573156c91095ef.entity"}, "c9c71878bc194f3eaca285013dbbd752.animation": {"layers": {"faa08105e40d4f98bc43470c74639172.layer": {"name": "Default Animation Layer", "blendWeight": 1, "sortValue": 0, "states": {"e920e774cd004cec89d3b107f44c45d2.animstate": {"stateRef": "e920e774cd004cec89d3b107f44c45d2.animstate", "sortValue": 0}}, "initialStateRef": "e920e774cd004cec89d3b107f44c45d2.animstate", "transitions": {}, "id": "faa08105e40d4f98bc43470c74639172.layer"}}, "name": "Animations", "license": "CC0", "created": "2014-10-16T15:51:36.151851+00:00", "deleted": false, "_readOnly": false, "dataModelVersion": 2, "modified": "2014-10-16T16:32:07.963525+00:00", "id": "c9c71878bc194f3eaca285013dbbd752.animation"}, "9d84708e49ac47e8afafa2ddcb26a99f.entity": {"name": "Quad", "license": "CC0", "created": "2014-10-16T16:25:07.246Z", "deleted": false, "_readOnly": false, "modified": "2014-10-17T08:16:26.976837+00:00", "dataModelVersion": 2, "static": false, "components": {"transform": {"translation": [0, 0.3525383472442627, 0], "scale": [100, 100, 100], "rotation": [-90, 0, 0]}, "meshRenderer": {"reflectable": true, "materials": {"1d7ab14bed664443a3afc44b8108806c.material": {"materialRef": "1d7ab14bed664443a3afc44b8108806c.material", "sortValue": 0}}, "receiveShadows": true, "cullMode": "Dynamic", "castShadows": true}, "meshData": {"shape": "Quad"}}, "hidden": false, "id": "9d84708e49ac47e8afafa2ddcb26a99f.entity"}, "5aecd0f9a3e4451daa494cfeab4e5e36.entity": {"name": "center", "license": "CC0", "created": "2014-10-16T17:05:20.793Z", "deleted": false, "_readOnly": false, "modified": "2014-10-17T08:25:13.781707+00:00", "dataModelVersion": 2, "static": false, "components": {"transform": {"translation": [0, 0, 0], "scale": [1, 1, 1], "rotation": [0, 0, 0], "children": {"fa1949b48f354cc0bdd098544b3dad73.entity": {"entityRef": "fa1949b48f354cc0bdd098544b3dad73.entity", "sortValue": 0}}}, "script": {"scripts": {}}}, "hidden": false, "id": "5aecd0f9a3e4451daa494cfeab4e5e36.entity"}, "2c8d6735164d4004a1de38115cd311b2.texture": {"wrapS": "Repeat", "minFilter": "Trilinear", "name": "mp_tex_glow.jpg", "license": "CC0", "flipY": true, "deleted": false, "magFilter": "Bilinear", "created": "2014-10-17T07:12:00.616243+00:00", "_readOnly": false, "dataModelVersion": 2, "modified": "2014-10-17T07:12:00.616289+00:00", "repeat": [1, 1], "imageRef": "2cb993210da2725af79b81d7febc2a7c0f6a5d7e.jpg", "offset": [0, 0], "id": "2c8d6735164d4004a1de38115cd311b2.texture", "generateMipmaps": true, "anisotropy": 1, "wrapT": "Repeat"}, "d75ad2b8a6984d07aa87ad2b4aa5ed03.script": {"body": "var rotationState = {\n    x:0,\n    y:0,\n    rx:0,\n    ry:0\n};\n\nvar initialOffset;\n\nvar onMove =function(e) {\n    rotationState.x = e.clientX;\n    rotationState.y = e.clientY;\n};\n\n\nvar setup =function(args, ctx, goo) {\n\tctx.center = ctx.world.by.name('center').first();\n    window.addEventListener('mousemove', onMove);\n    initialOffset = ctx.center.transformComponent.transform.rotation.toAngles();\n    initialOffset.x +=0.1;\n    initialOffset.y +=1;\n};\n\nvar cleanup =function(args, ctx, goo) {\n    window.removeEventListener('mousemove', onMove);\n};\n\nvar update =function(args, ctx, goo) {\n    rotationState.rx += (rotationState.x - rotationState.rx) / args.smoothness;\n    rotationState.ry += (rotationState.y - rotationState.ry) / args.smoothness;\n\n    ctx.center.setRotation(\n        (rotationState.ry) /-args.divider/2 + initialOffset.x, (rotationState.rx) /-args.divider*3 + initialOffset.y,\n        initialOffset.z\n    );\n};\n\nvar parameters = [{\n    key:'smoothness',\n    type:'float',\n    control:'slider',\n    default:16,\n    min:0.1,\n    max:64\n}, {\n    key:'divider',\n    type:'float',\n    control:'slider',\n    default:10000,\n    min:1000,\n    max:100000\n}];\n", "name": "camera_look", "license": "CC0", "created": "2014-09-10T15:35:44.724Z", "deleted": false, "_readOnly": false, "modified": "2014-10-17T08:11:44.602231+00:00", "dataModelVersion": 2, "dependencies": {}, "id": "d75ad2b8a6984d07aa87ad2b4aa5ed03.script"}, "5cc5a1e4c7374a48b9c7a2cdfc1284ea.mesh": {"name": "", "license": "CC0", "created": "2014-10-16T15:51:36.382465+00:00", "boundingVolume": {"max": [42.97034835815431, 50.02743053436279, 103.00220155715942], "type": "BoundingBox", "min": [-20.130199909210205, -15.50940155982974, 20.624294281005852]}, "_readOnly": false, "modified": "2014-10-16T15:51:36.382497+00:00", "dataModelVersion": 2, "deleted": false, "vertexCount": 51435, "indexModes": ["Triangles"], "indices": [0, 63075, "uint16"], "attributes": {"NORMAL": {"dimensions": 3, "value": [126152, 154305, "float32"]}, "JOINTIDS": {"dimensions": 4, "value": [743372, 205740, "uint8"]}, "TEXCOORD0": {"dimensions": 2, "value": [949112, 102870, "float32"]}, "TANGENT": {"dimensions": 4, "value": [1360592, 205740, "float32"]}, "POSITION": {"dimensions": 3, "value": [2183552, 154305, "float32"]}, "WEIGHTS": {"dimensions": 4, "value": [2800772, 205740, "float32"]}}, "indexLengths": [63075], "type": "SkinnedMesh", "id": "5cc5a1e4c7374a48b9c7a2cdfc1284ea.mesh", "binaryRef": "cb8294748b617ad0efeb12158c45ca6689eb48e0.bin"}, "297f0fe4cc7842288d7cafe37fdcb3d2.clip": {"name": "Take 001", "license": "CC0", "created": "2014-10-16T15:51:36.462085+00:00", "deleted": false, "_readOnly": false, "modified": "2014-10-16T15:51:36.462119+00:00", "dataModelVersion": 2, "channels": {"e96c6f7c3e954ca4b57a74f5ddfedfce.channel": {"name": "mp_masterchief:b_l_calf", "translationSamples": [531576, 963, "float32"], "times": [535428, 321, "float32"], "rotationSamples": [522588, 1284, "float32"], "jointIndex": 61, "scaleSamples": [527724, 963, "float32"], "blendType": "Linear", "type": "Joint"}, "44a50a6473eb4423b387d350b9ad4023.channel": {"name": "mp_masterchief:b_r_pinky_tip", "translationSamples": [23112, 963, "float32"], "times": [26964, 321, "float32"], "rotationSamples": [14124, 1284, "float32"], "jointIndex": 50, "scaleSamples": [19260, 963, "float32"], "blendType": "Linear", "type": "Joint"}, "70e5347bd23b41029931bf8fef15d76d.channel": {"name": "mp_masterchief:b_l_ring_low", "translationSamples": [37236, 963, "float32"], "times": [41088, 321, "float32"], "rotationSamples": [28248, 1284, "float32"], "jointIndex": 20, "scaleSamples": [33384, 963, "float32"], "blendType": "Linear", "type": "Joint"}, "706cea6271e7458aac0ef0b9d012f445.channel": {"name": "mp_masterchief:b_r_pinky_end_atr_u", "translationSamples": [51360, 963, "float32"], "times": [55212, 321, "float32"], "rotationSamples": [42372, 1284, "float32"], "jointIndex": 51, "scaleSamples": [47508, 963, "float32"], "blendType": "Linear", "type": "Joint"}, "1581f82c8cc64559921f66ccd7344d75.channel": {"name": "mp_masterchief:b_l_ring_mid", "translationSamples": [65484, 963, "float32"], "times": [69336, 321, "float32"], "rotationSamples": [56496, 1284, "float32"], "jointIndex": 21, "scaleSamples": [61632, 963, "float32"], "blendType": "Linear", "type": "Joint"}, "97ab94dea2344943bb0544a796dacbc4.channel": {"name": "mp_masterchief:b_r_pinky_mid", "translationSamples": [79608, 963, "float32"], "times": [83460, 321, "float32"], "rotationSamples": [70620, 1284, "float32"], "jointIndex": 49, "scaleSamples": [75756, 963, "float32"], "blendType": "Linear", "type": "Joint"}, "5541bb99d8db45519d986fe3ce8e4ffc.channel": {"name": "mp_masterchief:b_r_ring_tip", "translationSamples": [93732, 963, "float32"], "times": [97584, 321, "float32"], "rotationSamples": [84744, 1284, "float32"], "jointIndex": 46, "scaleSamples": [89880, 963, "float32"], "blendType": "Linear", "type": "Joint"}, "a2496b11fc8144e6acc162da38e03507.channel": {"name": "mp_masterchief:b_l_index_mid", "translationSamples": [107856, 963, "float32"], "times": [111708, 321, "float32"], "rotationSamples": [98868, 1284, "float32"], "jointIndex": 13, "scaleSamples": [104004, 963, "float32"], "blendType": "Linear", "type": "Joint"}, "235e047c4dc545409b1ccc4cf1e1142c.channel": {"name": "mp_masterchief:b_r_middle_mid", "translationSamples": [616320, 963, "float32"], "times": [620172, 321, "float32"], "rotationSamples": [607332, 1284, "float32"], "jointIndex": 41, "scaleSamples": [612468, 963, "float32"], "blendType": "Linear", "type": "Joint"}, "e94cdc50643a409da5ea32e9c43baccc.channel": {"name": "mp_masterchief:b_l_middle_end_atr_u", "translationSamples": [136104, 963, "float32"], "times": [139956, 321, "float32"], "rotationSamples": [127116, 1284, "float32"], "jointIndex": 19, "scaleSamples": [132252, 963, "float32"], "blendType": "Linear", "type": "Joint"}, "4fb97998a36f4b5a8ae578875a77b364.channel": {"name": "mp_masterchief:b_r_ring_mid", "translationSamples": [150228, 963, "float32"], "times": [154080, 321, "float32"], "rotationSamples": [141240, 1284, "float32"], "jointIndex": 45, "scaleSamples": [146376, 963, "float32"], "blendType": "Linear", "type": "Joint"}, "d38cbba6a2aa4a52aa35c05c14e4977e.channel": {"name": "mp_masterchief:b_l_forearm", "translationSamples": [771684, 963, "float32"], "times": [775536, 321, "float32"], "rotationSamples": [762696, 1284, "float32"], "jointIndex": 10, "scaleSamples": [767832, 963, "float32"], "blendType": "Linear", "type": "Joint"}, "a69c9496812044ec89d7d10c30b76de8.channel": {"name": "mp_masterchief:b_r_thumb_mid", "translationSamples": [178476, 963, "float32"], "times": [182328, 321, "float32"], "rotationSamples": [169488, 1284, "float32"], "jointIndex": 53, "scaleSamples": [174624, 963, "float32"], "blendType": "Linear", "type": "Joint"}, "1e0271f88c2a4f20b920a9c0b3bb8e31.channel": {"name": "mp_masterchief:b_r_hand", "translationSamples": [192600, 963, "float32"], "times": [196452, 321, "float32"], "rotationSamples": [183612, 1284, "float32"], "jointIndex": 35, "scaleSamples": [188748, 963, "float32"], "blendType": "Linear", "type": "Joint"}, "37fdb3b2664347568801c3a6ce74f716.channel": {"name": "mp_masterchief:b_l_thigh", "translationSamples": [206724, 963, "float32"], "times": [210576, 321, "float32"], "rotationSamples": [197736, 1284, "float32"], "jointIndex": 60, "scaleSamples": [202872, 963, "float32"], "blendType": "Linear", "type": "Joint"}, "89f69ed9174644f8a6cb9ab52584071c.channel": {"name": "mp_masterchief:b_r_middle_tip", "translationSamples": [234972, 963, "float32"], "times": [238824, 321, "float32"], "rotationSamples": [225984, 1284, "float32"], "jointIndex": 42, "scaleSamples": [231120, 963, "float32"], "blendType": "Linear", "type": "Joint"}, "07e45d4b16f74260acf1626ac32ad392.channel": {"name": "mp_masterchief:b_l_toe", "translationSamples": [291468, 963, "float32"], "times": [295320, 321, "float32"], "rotationSamples": [282480, 1284, "float32"], "jointIndex": 63, "scaleSamples": [287616, 963, "float32"], "blendType": "Linear", "type": "Joint"}, "c8d3f2dbaa494db4a2edd9dac6fd46bb.channel": {"name": "mp_masterchief:b_l_thumb_end_atr_u", "translationSamples": [743436, 963, "float32"], "times": [747288, 321, "float32"], "rotationSamples": [734448, 1284, "float32"], "jointIndex": 31, "scaleSamples": [739584, 963, "float32"], "blendType": "Linear", "type": "Joint"}, "c7f4b3e6956341cc8a3268d3194ffbfb.channel": {"name": "mp_masterchief:b_r_thumb_tip", "translationSamples": [263220, 963, "float32"], "times": [267072, 321, "float32"], "rotationSamples": [254232, 1284, "float32"], "jointIndex": 54, "scaleSamples": [259368, 963, "float32"], "blendType": "Linear", "type": "Joint"}, "cb2fc7c04b674a2c9ed69a45c87da370.channel": {"name": "mp_masterchief:b_r_upperarm", "translationSamples": [277344, 963, "float32"], "times": [281196, 321, "float32"], "rotationSamples": [268356, 1284, "float32"], "jointIndex": 33, "scaleSamples": [273492, 963, "float32"], "blendType": "Linear", "type": "Joint"}, "d3a71fcde19544b280d281a2dc6c0a41.channel": {"name": "mp_masterchief:b_r_forearm", "translationSamples": [305592, 963, "float32"], "times": [309444, 321, "float32"], "rotationSamples": [296604, 1284, "float32"], "jointIndex": 34, "scaleSamples": [301740, 963, "float32"], "blendType": "Linear", "type": "Joint"}, "40ca449d1f2543faae619988e3ac2daa.channel": {"name": "mp_masterchief:b_l_upperarm", "translationSamples": [319716, 963, "float32"], "times": [323568, 321, "float32"], "rotationSamples": [310728, 1284, "float32"], "jointIndex": 9, "scaleSamples": [315864, 963, "float32"], "blendType": "Linear", "type": "Joint"}, "0944abb02e5a45feac2f0e044abdcadf.channel": {"name": "mp_masterchief:b_l_ring_end_atr_u", "translationSamples": [333840, 963, "float32"], "times": [337692, 321, "float32"], "rotationSamples": [324852, 1284, "float32"], "jointIndex": 23, "scaleSamples": [329988, 963, "float32"], "blendType": "Linear", "type": "Joint"}, "b66c9ea5d2444a26bc2461da9b2ab524.channel": {"name": "mp_masterchief:b_l_index_end_atr_u", "translationSamples": [347964, 963, "float32"], "times": [351816, 321, "float32"], "rotationSamples": [338976, 1284, "float32"], "jointIndex": 15, "scaleSamples": [344112, 963, "float32"], "blendType": "Linear", "type": "Joint"}, "f27dac7674aa43bebb5bebf636327426.channel": {"name": "mp_masterchief:b_l_index_low", "translationSamples": [362088, 963, "float32"], "times": [365940, 321, "float32"], "rotationSamples": [353100, 1284, "float32"], "jointIndex": 12, "scaleSamples": [358236, 963, "float32"], "blendType": "Linear", "type": "Joint"}, "ac74aea383e64ba6b12b15360e89f2cc.channel": {"name": "mp_masterchief:b_r_thumb_low", "translationSamples": [376212, 963, "float32"], "times": [380064, 321, "float32"], "rotationSamples": [367224, 1284, "float32"], "jointIndex": 52, "scaleSamples": [372360, 963, "float32"], "blendType": "Linear", "type": "Joint"}, "749ac9e42401487589c0e17c1e08de63.channel": {"name": "mp_masterchief:b_r_index_low", "translationSamples": [390336, 963, "float32"], "times": [394188, 321, "float32"], "rotationSamples": [381348, 1284, "float32"], "jointIndex": 36, "scaleSamples": [386484, 963, "float32"], "blendType": "Linear", "type": "Joint"}, "b2f368a2c53e49c6a810d10a89a95470.channel": {"name": "mp_masterchief:b_l_middle_mid", "translationSamples": [644568, 963, "float32"], "times": [648420, 321, "float32"], "rotationSamples": [635580, 1284, "float32"], "jointIndex": 17, "scaleSamples": [640716, 963, "float32"], "blendType": "Linear", "type": "Joint"}, "3f923e6c77014c3eb9d7f45b5974c456.channel": {"name": "mp_masterchief:b_l_pinky_tip", "translationSamples": [404460, 963, "float32"], "times": [408312, 321, "float32"], "rotationSamples": [395472, 1284, "float32"], "jointIndex": 26, "scaleSamples": [400608, 963, "float32"], "blendType": "Linear", "type": "Joint"}, "50174c2c96cb47bf8c29bd4eae20a0cc.channel": {"name": "mp_masterchief:b_head", "translationSamples": [418584, 963, "float32"], "times": [422436, 321, "float32"], "rotationSamples": [409596, 1284, "float32"], "jointIndex": 6, "scaleSamples": [414732, 963, "float32"], "blendType": "Linear", "type": "Joint"}, "e5486702874743229905a6e60746c80e.channel": {"name": "mp_masterchief:b_r_thumb_end_atr_u", "translationSamples": [432708, 963, "float32"], "times": [436560, 321, "float32"], "rotationSamples": [423720, 1284, "float32"], "jointIndex": 55, "scaleSamples": [428856, 963, "float32"], "blendType": "Linear", "type": "Joint"}, "315cd02f8c194d628486018a4d81d69e.channel": {"name": "mp_masterchief:b_pelvis", "translationSamples": [446832, 963, "float32"], "times": [450684, 321, "float32"], "rotationSamples": [437844, 1284, "float32"], "jointIndex": 2, "scaleSamples": [442980, 963, "float32"], "blendType": "Linear", "type": "Joint"}, "f821d0c85cbd4325b7b638a50f28e2ff.channel": {"name": "mp_masterchief:b_r_foot", "translationSamples": [460956, 963, "float32"], "times": [464808, 321, "float32"], "rotationSamples": [451968, 1284, "float32"], "jointIndex": 58, "scaleSamples": [457104, 963, "float32"], "blendType": "Linear", "type": "Joint"}, "ce3ce538815f46fb83cae5aacc473b86.channel": {"name": "mp_masterchief:b_l_pinky_mid", "translationSamples": [475080, 963, "float32"], "times": [478932, 321, "float32"], "rotationSamples": [466092, 1284, "float32"], "jointIndex": 25, "scaleSamples": [471228, 963, "float32"], "blendType": "Linear", "type": "Joint"}, "c47302ea07ad4aa188a23e2d73f5404a.channel": {"name": "mp_masterchief:b_l_ring_tip", "translationSamples": [489204, 963, "float32"], "times": [493056, 321, "float32"], "rotationSamples": [480216, 1284, "float32"], "jointIndex": 22, "scaleSamples": [485352, 963, "float32"], "blendType": "Linear", "type": "Joint"}, "c6e1ebbddc5140fa93c578ca551cad6a.channel": {"name": "mp_masterchief:b_l_pinky_end_atr_u", "translationSamples": [8988, 963, "float32"], "times": [12840, 321, "float32"], "rotationSamples": [0, 1284, "float32"], "jointIndex": 27, "scaleSamples": [5136, 963, "float32"], "blendType": "Linear", "type": "Joint"}, "2554531a1508402186e433dd069cf6f0.channel": {"name": "mp_masterchief:b_neck", "translationSamples": [517452, 963, "float32"], "times": [521304, 321, "float32"], "rotationSamples": [508464, 1284, "float32"], "jointIndex": 5, "scaleSamples": [513600, 963, "float32"], "blendType": "Linear", "type": "Joint"}, "5688af4821f242afadf37b1dd7cda2f6.channel": {"name": "mp_masterchief:b_root", "translationSamples": [545700, 963, "float32"], "times": [549552, 321, "float32"], "rotationSamples": [536712, 1284, "float32"], "jointIndex": 1, "scaleSamples": [541848, 963, "float32"], "blendType": "Linear", "type": "Joint"}, "10a92bbe9014425b906b3c4a655a4749.channel": {"name": "mp_masterchief:b_r_index_mid", "translationSamples": [249096, 963, "float32"], "times": [252948, 321, "float32"], "rotationSamples": [240108, 1284, "float32"], "jointIndex": 37, "scaleSamples": [245244, 963, "float32"], "blendType": "Linear", "type": "Joint"}, "ef354f1981f947b892074d3176fcbe0d.channel": {"name": "mp_masterchief:b_r_thigh", "translationSamples": [573948, 963, "float32"], "times": [577800, 321, "float32"], "rotationSamples": [564960, 1284, "float32"], "jointIndex": 56, "scaleSamples": [570096, 963, "float32"], "blendType": "Linear", "type": "Joint"}, "10a3484f26224abf88931197223ff05c.channel": {"name": "mp_masterchief:b_r_pinky_low", "translationSamples": [856428, 963, "float32"], "times": [860280, 321, "float32"], "rotationSamples": [847440, 1284, "float32"], "jointIndex": 48, "scaleSamples": [852576, 963, "float32"], "blendType": "Linear", "type": "Joint"}, "eea32c20fc8b4d4abdafb673f4f0c8ef.channel": {"name": "mp_masterchief:b_l_thumb_low", "translationSamples": [559824, 963, "float32"], "times": [563676, 321, "float32"], "rotationSamples": [550836, 1284, "float32"], "jointIndex": 28, "scaleSamples": [555972, 963, "float32"], "blendType": "Linear", "type": "Joint"}, "38dc872a721747348137060887d36a28.channel": {"name": "mp_masterchief:b_r_index_tip", "translationSamples": [121980, 963, "float32"], "times": [125832, 321, "float32"], "rotationSamples": [112992, 1284, "float32"], "jointIndex": 38, "scaleSamples": [118128, 963, "float32"], "blendType": "Linear", "type": "Joint"}, "3a146697e0b54087916a39283c999d4e.channel": {"name": "mp_masterchief:b_l_pinky_low", "translationSamples": [630444, 963, "float32"], "times": [634296, 321, "float32"], "rotationSamples": [621456, 1284, "float32"], "jointIndex": 24, "scaleSamples": [626592, 963, "float32"], "blendType": "Linear", "type": "Joint"}, "5512200934784362997ca531a9405166.channel": {"name": "mp_masterchief:b_r_toe", "translationSamples": [220848, 963, "float32"], "times": [224700, 321, "float32"], "rotationSamples": [211860, 1284, "float32"], "jointIndex": 59, "scaleSamples": [216996, 963, "float32"], "blendType": "Linear", "type": "Joint"}, "662a10db72f94349962b68f9eee91f54.channel": {"name": "mp_masterchief:b_r_ring_end_atr_u", "translationSamples": [658692, 963, "float32"], "times": [662544, 321, "float32"], "rotationSamples": [649704, 1284, "float32"], "jointIndex": 47, "scaleSamples": [654840, 963, "float32"], "blendType": "Linear", "type": "Joint"}, "84fe2fbacd724f3aaed68fa31be7e564.channel": {"name": "mp_masterchief:b_r_middle_end_atr_u", "translationSamples": [672816, 963, "float32"], "times": [676668, 321, "float32"], "rotationSamples": [663828, 1284, "float32"], "jointIndex": 43, "scaleSamples": [668964, 963, "float32"], "blendType": "Linear", "type": "Joint"}, "f0cbd3fb0b3a40389715031b5af83e4e.channel": {"name": "joint2", "translationSamples": [686940, 963, "float32"], "times": [690792, 321, "float32"], "rotationSamples": [677952, 1284, "float32"], "jointIndex": 8, "scaleSamples": [683088, 963, "float32"], "blendType": "Linear", "type": "Joint"}, "5e0e203b42da43579f63f26029d06fe2.channel": {"name": "mp_masterchief:b_r_ring_low", "translationSamples": [701064, 963, "float32"], "times": [704916, 321, "float32"], "rotationSamples": [692076, 1284, "float32"], "jointIndex": 44, "scaleSamples": [697212, 963, "float32"], "blendType": "Linear", "type": "Joint"}, "7aa45775a54e46efba5bb4e1acd67222.channel": {"name": "mp_masterchief:b_l_thumb_tip", "translationSamples": [715188, 963, "float32"], "times": [719040, 321, "float32"], "rotationSamples": [706200, 1284, "float32"], "jointIndex": 30, "scaleSamples": [711336, 963, "float32"], "blendType": "Linear", "type": "Joint"}, "eff8300fc7d04e83b887d7aad9739b85.channel": {"name": "mp_masterchief:b_head_end_atr_u", "translationSamples": [503328, 963, "float32"], "times": [507180, 321, "float32"], "rotationSamples": [494340, 1284, "float32"], "jointIndex": 7, "scaleSamples": [499476, 963, "float32"], "blendType": "Linear", "type": "Joint"}, "f239ccfbb5a843ccb97fa86a798538c7.channel": {"name": "mp_masterchief:b_spine", "translationSamples": [729312, 963, "float32"], "times": [733164, 321, "float32"], "rotationSamples": [720324, 1284, "float32"], "jointIndex": 3, "scaleSamples": [725460, 963, "float32"], "blendType": "Linear", "type": "Joint"}, "38112d16c6454f9a98fc94e69ccd98ec.channel": {"name": "mp_masterchief:b_l_middle_low", "translationSamples": [588072, 963, "float32"], "times": [591924, 321, "float32"], "rotationSamples": [579084, 1284, "float32"], "jointIndex": 16, "scaleSamples": [584220, 963, "float32"], "blendType": "Linear", "type": "Joint"}, "1b68d6de591e4a7193df59244c0e57b5.channel": {"name": "mp_masterchief:b_spine1", "translationSamples": [757560, 963, "float32"], "times": [761412, 321, "float32"], "rotationSamples": [748572, 1284, "float32"], "jointIndex": 4, "scaleSamples": [753708, 963, "float32"], "blendType": "Linear", "type": "Joint"}, "46bc97ede87f49d9a07757c4fc8fca20.channel": {"name": "mp_masterchief:b_r_calf", "translationSamples": [164352, 963, "float32"], "times": [168204, 321, "float32"], "rotationSamples": [155364, 1284, "float32"], "jointIndex": 57, "scaleSamples": [160500, 963, "float32"], "blendType": "Linear", "type": "Joint"}, "3baff5a318b74d51b9546ca418c882ec.channel": {"name": "mp_masterchief:b_l_thumb_mid", "translationSamples": [785808, 963, "float32"], "times": [789660, 321, "float32"], "rotationSamples": [776820, 1284, "float32"], "jointIndex": 29, "scaleSamples": [781956, 963, "float32"], "blendType": "Linear", "type": "Joint"}, "7e7f1f8e731045399bf702825e499636.channel": {"name": "mp_masterchief:b_r_middle_low", "translationSamples": [799932, 963, "float32"], "times": [803784, 321, "float32"], "rotationSamples": [790944, 1284, "float32"], "jointIndex": 40, "scaleSamples": [796080, 963, "float32"], "blendType": "Linear", "type": "Joint"}, "f59d59ad9f4a4f92a9d5e286876b791c.channel": {"name": "mp_masterchief:b_l_middle_tip", "translationSamples": [814056, 963, "float32"], "times": [817908, 321, "float32"], "rotationSamples": [805068, 1284, "float32"], "jointIndex": 18, "scaleSamples": [810204, 963, "float32"], "blendType": "Linear", "type": "Joint"}, "9beed5c871b34780af4c098f8b840b2f.channel": {"name": "joint3", "translationSamples": [828180, 963, "float32"], "times": [832032, 321, "float32"], "rotationSamples": [819192, 1284, "float32"], "jointIndex": 32, "scaleSamples": [824328, 963, "float32"], "blendType": "Linear", "type": "Joint"}, "ab823f7b944d43459916c7e3a0e24a5f.channel": {"name": "mp_masterchief:b_l_foot", "translationSamples": [842304, 963, "float32"], "times": [846156, 321, "float32"], "rotationSamples": [833316, 1284, "float32"], "jointIndex": 62, "scaleSamples": [838452, 963, "float32"], "blendType": "Linear", "type": "Joint"}, "e5f561eaa32f4b17a1d749e251ea431d.channel": {"name": "mp_masterchief:b_l_index_tip", "translationSamples": [602196, 963, "float32"], "times": [606048, 321, "float32"], "rotationSamples": [593208, 1284, "float32"], "jointIndex": 14, "scaleSamples": [598344, 963, "float32"], "blendType": "Linear", "type": "Joint"}, "319503feacfb4c6f8656495a3b4d5c2e.channel": {"name": "mp_masterchief:b_r_index_end_atr_u", "translationSamples": [870552, 963, "float32"], "times": [874404, 321, "float32"], "rotationSamples": [861564, 1284, "float32"], "jointIndex": 39, "scaleSamples": [866700, 963, "float32"], "blendType": "Linear", "type": "Joint"}, "92b64274a0f848c1bad100a17ba2026d.channel": {"name": "mp_masterchief:b_l_hand", "translationSamples": [884676, 963, "float32"], "times": [888528, 321, "float32"], "rotationSamples": [875688, 1284, "float32"], "jointIndex": 11, "scaleSamples": [880824, 963, "float32"], "blendType": "Linear", "type": "Joint"}}, "id": "297f0fe4cc7842288d7cafe37fdcb3d2.clip", "binaryRef": "69666bfd4e79a6d3555f73d2c8204aa91f0bb11e.bin"}, "028047661ce94937a11b965472623377.entity": {"name": "Directional 2", "license": "CC0", "created": "2014-10-16T15:51:09.578025+00:00", "deleted": false, "_readOnly": false, "modified": "2014-10-17T08:38:48.006164+00:00", "dataModelVersion": 2, "static": false, "components": {"light": {"direction": [0, 0, 0], "shadowCaster": true, "color": [0.4631944444444444, 0.8055555555555556, 0.9666666666666667, 1], "intensity": 1.38, "range": 60, "specularIntensity": 1.47, "penumbra": 5, "angle": 53, "type": "SpotLight", "shadowSettings": {"fov": 53, "darkness": 1, "far": 60, "near": 1, "resolution": [512, 512], "shadowType": "PCF", "size": 20}}, "transform": {"rotation": [-18.026047427295477, 75.9291980972266, 25.655701701921757], "scale": [1, 1, 1], "translation": [9.052128791809082, 8.606771469116211, 2.2522926330566406]}, "script": {"scripts": {"276c0d73d0b7488587870897d03e321e.scriptInstance": {"name": "Custom script", "options": {"changeTime": 30, "enabled": true}, "sortValue": 0, "scriptRef": "1a1b5bd80d2b4e168922880c60764fdc.script"}}}}, "hidden": false, "id": "028047661ce94937a11b965472623377.entity"}, "ab104dcc68c94620b30646839beab344.entity": {"name": "Directional", "license": "CC0", "created": "2014-10-16T15:51:09.625011+00:00", "deleted": false, "_readOnly": false, "modified": "2014-10-17T08:38:25.242069+00:00", "dataModelVersion": 2, "static": false, "components": {"light": {"direction": [0, 0, 0], "shadowCaster": false, "color": [0.7541666666666667, 0.882, 1, 1], "intensity": 0.45, "range": 60, "specularIntensity": 1, "penumbra": 19, "angle": 42, "type": "SpotLight", "shadowSettings": {"fov": 42, "darkness": 1, "far": 60, "near": 1, "resolution": [256, 256], "shadowType": "PCF", "size": 10}}, "transform": {"rotation": [-56.93886797800331, -25.5290973154664, -15.832955647074423], "scale": [1, 1, 1], "translation": [-1.985938310623169, 14.951678276062012, 9.257078170776367]}}, "hidden": false, "id": "ab104dcc68c94620b30646839beab344.entity"}, "4faf410ce5934ca895a51f13bc400198.material": {"texturesMapping": {"DIFFUSE_MAP": {"enabled": true, "textureRef": "5ce4c269996b41538ac474d260a0cae8.texture"}, "NORMAL_MAP": {"enabled": true, "textureRef": "8c8d273876ef48a1b5ec417ba97aeaf2.texture"}, "EMISSIVE_MAP": {"enabled": true, "textureRef": "b29ce3b0a2be4e61a45fa90a258ba12d.texture"}, "BUMP_MAP": {"enabled": true, "textureRef": "8c8d273876ef48a1b5ec417ba97aeaf2.texture"}}, "flat": false, "cullState": {"frontFace": "CCW", "enabled": true, "cullFace": "Back"}, "uniforms": {"opacity": {"enabled": false, "value": 1}, "refractivity": {"enabled": false, "value": 0}, "materialAmbient": {"enabled": true, "value": [0.2833333333333333, 0.2833333333333333, 0.2833333333333333, 1]}, "materialSpecular": {"enabled": true, "value": [0.5, 0.5, 0.5, 1]}, "fresnel": {"enabled": true, "value": 0}, "reflectivity": {"enabled": true, "value": 0}, "materialSpecularPower": {"enabled": true, "value": 52.2}, "materialDiffuse": {"enabled": true, "value": [0.800000011920929, 0.800000011920929, 0.800000011920929, 1]}, "vertexColorAmount": {"enabled": true, "value": 1}, "materialEmissive": {"enabled": true, "value": [0.6958333333333333, 0.43141666666666656, 0, 1]}, "discardThreshold": {"enabled": true, "value": 0.1}, "normalMultiplier": {"enabled": true, "value": 1}, "etaRatio": {"enabled": true, "value": -0.5}, "reflectionType": 0, "wrapSettings": {"enabled": true, "value": [0, 0]}}, "name": "phong1", "license": "CC0", "created": "2014-10-16T15:51:36.608938+00:00", "deleted": false, "wireframe": false, "_readOnly": false, "dataModelVersion": 2, "blendState": {"blendEquation": "AddEquation", "blendSrc": "SrcAlphaFactor", "blendDst": "OneMinusSrcAlphaFactor", "blending": "NoBlending"}, "modified": "2014-10-17T09:53:52.352809+00:00", "dualTransparency": false, "depthState": {"write": true, "enabled": true}, "shaderRef": "GOO_ENGINE_SHADERS/uber", "id": "4faf410ce5934ca895a51f13bc400198.material", "renderQueue": -1}, "1d7ab14bed664443a3afc44b8108806c.material": {"flat": false, "cullState": {"frontFace": "CCW", "enabled": true, "cullFace": "Back"}, "uniforms": {"opacity": {"enabled": false, "value": 1}, "refractivity": {"enabled": false, "value": 0}, "materialAmbient": {"enabled": true, "value": [0, 0, 0, 1]}, "materialSpecular": {"enabled": true, "value": [0, 0, 0, 1]}, "fresnel": {"enabled": true, "value": 0}, "vertexColorAmount": {"enabled": true, "value": 1}, "materialSpecularPower": {"enabled": true, "value": 21.95}, "materialDiffuse": {"enabled": true, "value": [0.375, 0.375, 0.375, 1]}, "reflectivity": {"enabled": true, "value": 0}, "materialEmissive": {"enabled": true, "value": [0, 0, 0, 1]}, "discardThreshold": {"enabled": true, "value": 0.1}, "normalMultiplier": {"enabled": true, "value": 1}, "etaRatio": {"enabled": true, "value": -0.5}, "reflectionType": 0, "wrapSettings": {"enabled": true, "value": [0, 0]}}, "name": "Material", "license": "CC0", "created": "2014-10-16T16:25:07.248Z", "deleted": false, "id": "1d7ab14bed664443a3afc44b8108806c.material", "wireframe": false, "_readOnly": false, "dataModelVersion": 2, "blendState": {"blendDst": "OneMinusSrcAlphaFactor", "blendSrc": "SrcAlphaFactor", "blendEquation": "AddEquation", "blending": "NoBlending"}, "modified": "2014-10-17T08:16:26.923579+00:00", "dualTransparency": false, "depthState": {"write": true, "enabled": true}, "shaderRef": "GOO_ENGINE_SHADERS/uber", "texturesMapping": {}, "renderQueue": -1}, "1a1b5bd80d2b4e168922880c60764fdc.script": {"body": "\nvar setup = function(args, ctx, goo) {\nctx.tween =new window.TWEEN.Tween();\nctx.easing =window.TWEEN.Easing.Linear.None;\n//ctx.light = new goo.PointLight();\n//ctx.entity.setComponent(new goo.LightComponent(ctx.light));\nctx.entity.hide();\nctx.lightFlicker =function() {\n    if (ctx.tweenActive) return;\n    // Interpolate over time using TweenJS\n    ctx.entity.show();\n    ctx.tweenActive =true;\n    ctx.tween\n        .from({\n            t:0\n        })\n        .to({\n            t:1\n        }, ctx.changeTime)\n        .easing(ctx.easing)\n        .onUpdate(function() {\n//        \tvar v = (Math.sin(this.t*20)/2+1)/2;\n            ctx.entity.lightComponent.light.color.set(this.t/2, this.t/1.2, this.t);\n        })\n        .onComplete(function() {\n            ctx.tweenActive =false;\n//            ctx.entity.hide();\n        })\n        .start(ctx.world.time *1000);\n};\n//goo.SystemBus.addListener('particles', ctx.lightFlicker);\nctx.lightFlicker();\n};\nvar cleanup =function(args, ctx, goo) {\n\tctx.entity.hide();\n//\tgoo.SystemBus.removeListener('particles', ctx.lightFlicker);\n};\nvar update =function(args, ctx, goo) {\n};\n\nvar parameters = [{\n    key:'changeTime',\n    name:'Time',\n    type:'float',\n    control:'slider',\n    default:'0.5',\n    min:0,\n    max:30\n},];\n", "name": "light_flicker", "license": "CC0", "created": "2014-10-13T21:39:56.757Z", "deleted": false, "_readOnly": false, "modified": "2014-10-17T08:40:44.820442+00:00", "dataModelVersion": 2, "dependencies": {}, "id": "1a1b5bd80d2b4e168922880c60764fdc.script"}, "d37d46d3db48476e90da996dfdca35a2.entity": {"name": "air_assault", "license": "CC0", "created": "2014-10-16T15:51:36.513265+00:00", "deleted": false, "_readOnly": false, "modified": "2014-10-17T08:16:29.557532+00:00", "dataModelVersion": 2, "static": false, "components": {"animation": {"layersRef": "c9c71878bc194f3eaca285013dbbd752.animation", "poseRef": "66d70a7ada6e47fe983f5f5768eb08c9.skeleton"}, "transform": {"rotation": [-90, 0, 0], "scale": [0.1, 0.1, 0.1], "translation": [0, -2.336899757385254, 0], "children": {"db8b25624a904b7f89573156c91095ef.entity": {"entityRef": "db8b25624a904b7f89573156c91095ef.entity", "sortValue": 1}}}}, "hidden": false, "id": "d37d46d3db48476e90da996dfdca35a2.entity"}, "1f77eebad0084c2a89f1ec4ff5fe9a84.skybox": {"box": {"enabled": false}, "name": "Skybox", "license": "CC0", "created": "2014-10-16T16:46:55.677Z", "deleted": false, "_readOnly": false, "dataModelVersion": 2, "modified": "2014-10-17T08:38:20.237462+00:00", "sphere": {"enabled": true, "sphereRef": "c2567ed7deff4c22830b2fc2839cda5f.texture"}, "id": "1f77eebad0084c2a89f1ec4ff5fe9a84.skybox"}, "66d70a7ada6e47fe983f5f5768eb08c9.skeleton": {"name": "Skeleton", "license": "CC0", "created": "2014-10-16T15:51:36.329276+00:00", "deleted": false, "joints": {"2409576e2a62461eb723f39022aa8d00.joint": {"index": 50, "parentIndex": 49, "name": "mp_masterchief:b_r_pinky_tip", "inverseBindPose": [-0.454295928706917, -0.5334170138450952, 0.7134994733711447, 0.0, 0.6755616234002302, -0.728374699602737, -0.11439750857194028, 0.0, 0.580716541997182, 0.4300425401273727, 0.6912537244251432, 0.0, -33.479724988685064, -37.16859940336778, -50.50308315442931, 1.0]}, "abb151169c7b4db5859fc28b21788073.joint": {"index": 16, "parentIndex": 11, "name": "mp_masterchief:b_l_middle_low", "inverseBindPose": [0.34647670298400324, -0.20100729310153573, -0.916269590464143, 0.0, -0.5340635331591845, 0.7607456269692826, -0.3688390348060272, 0.0, 0.7711874200470745, 0.6171403075209937, 0.15622997149724555, 0.0, -62.142902663670256, -30.426271172386354, -3.4806634388648097, 1.0]}, "1b48b6e3ed444e78aa68408b8fe4f7af.joint": {"index": 41, "parentIndex": 40, "name": "mp_masterchief:b_r_middle_mid", "inverseBindPose": [-0.38604303185658206, -0.5847129886141379, 0.7134994733711446, 0.0, 0.759138652570931, -0.6407977186330513, -0.11439750857194043, 0.0, 0.5240985439092242, 0.4974826677790884, 0.6912537244251434, 0.0, -28.176087386850803, -40.485934249867306, -52.788076672756446, 1.0]}, "d90f6b4d1a7646dda698f1d85c148a29.joint": {"index": 28, "parentIndex": 11, "name": "mp_masterchief:b_l_thumb_low", "inverseBindPose": [0.8077055481321576, -0.4222490710148558, 0.4114820403658248, 0.0, -0.43130561134884227, -0.8990065206234521, -0.0759127492290735, 0.0, 0.40197912524847895, -0.11615936425276323, -0.9082509482300922, 0.0, -42.151060662619976, 5.887778794411663, 56.808549515574484, 1.0]}, "c9f5baed0f71491e818cd89e79acdde3.joint": {"index": 48, "parentIndex": 35, "name": "mp_masterchief:b_r_pinky_low", "inverseBindPose": [0.6148958595072133, -0.6851366212266463, 0.3905008222974965, 0.0, 0.7757122365071367, 0.6146654348227578, -0.14302772237313513, 0.0, -0.14203382728766256, 0.39086342050425504, 0.9094240916193796, 0.0, 18.997943555202387, -19.4150344214757, -65.55546953984975, 1.0]}, "686a233c540b4afdb60ab015810ce205.joint": {"index": 47, "parentIndex": 46, "name": "mp_masterchief:b_r_ring_end_atr_u", "inverseBindPose": [-0.5075669287123536, -0.4830055013937285, 0.7134994733711447, 0.0, 0.5957209550949681, -0.7950029897385738, -0.11439750857194057, 0.0, 0.6224888404929418, 0.36698219565820983, 0.6912537244251431, 0.0, -38.2679962990508, -32.99562643567158, -51.90399890201971, 1.0]}, "2e4658c05ee54ea0a5a799d25489b32c.joint": {"index": 19, "parentIndex": 18, "name": "mp_masterchief:b_l_middle_end_atr_u", "inverseBindPose": [0.10029772554566786, -0.38780201468660386, -0.9162695911441007, 0.0, 0.1663451341323858, 0.9144873239422382, -0.36883903087857, 0.0, 0.9809534456847809, -0.11542327215070275, 0.15622997678160336, 0.0, -68.94712658553797, 24.40832340864015, -3.490673564485839, 1.0]}, "de94995d345641c08f6361c2f4110dcb.joint": {"index": 14, "parentIndex": 13, "name": "mp_masterchief:b_l_index_tip", "inverseBindPose": [0.05403496539669805, -0.5515217393286242, -0.8324085496692752, 0.0, 0.02218566574115665, 0.8340837592632009, -0.5511915082518851, 0.0, 0.9982925516852257, 0.011316076232300888, 0.05730556402746108, 0.0, -69.95260568964079, 17.355170226803413, 0.9939655991188555, 1.0]}, "c76b671d541b429481f4ecacf8a4018e.joint": {"index": 33, "parentIndex": 32, "name": "mp_masterchief:b_r_upperarm", "inverseBindPose": [-0.5348303684406244, -0.8449078429766185, 0.009338836665460282, 0.0, -0.40081855552756573, 0.26341866102683403, 0.8774708511213493, 0.0, -0.7438420279457609, 0.4655548795785818, -0.47953904070691683, 0.0, 54.646807870816566, -44.066280744160856, 45.33514732737201, 1.0]}, "89c961cfd96f4cc09c7f772e56d6ed70.joint": {"index": 52, "parentIndex": 35, "name": "mp_masterchief:b_r_thumb_low", "inverseBindPose": [0.857272126509323, -0.23126209022139327, -0.46000255079359625, 0.0, 0.5141873186400984, 0.43033380757828815, 0.7419057995492951, 0.0, 0.02637996322758922, -0.8725426406093887, 0.48782521240553567, 0.0, 4.202171091634168, 69.26430015377137, -28.079368904527396, 1.0]}, "11e64655319040d6b135d33c10dfec05.joint": {"index": 26, "parentIndex": 25, "name": "mp_masterchief:b_l_pinky_tip", "inverseBindPose": [0.08059426496486695, -0.2874576137285551, -0.9543965029086483, 0.0, 0.22636700619816255, 0.937770246932264, -0.263334278956389, 0.0, 0.9707020876456656, -0.1948206464368833, 0.14064982318602856, 0.0, -66.01092202594096, 28.106407059985695, -2.8940620160642103, 1.0]}, "55cb93dcabb1486c81449ac263d598fe.joint": {"index": 60, "parentIndex": 2, "name": "mp_masterchief:b_l_thigh", "inverseBindPose": [0.3538769978106952, 0.8111324560078771, -0.46565567668731045, 0.0, -0.0988201628612663, -0.4626590782806157, -0.8810114373245123, 0.0, -0.9300567971003493, 0.35778585228479703, -0.08356816422705046, 0.0, 60.477096070081785, -24.031288132825438, 8.333578813715217, 1.0]}, "3e7520d6203540c1900cc5806830474d.joint": {"index": 2, "parentIndex": 1, "name": "mp_masterchief:b_pelvis", "inverseBindPose": [0.01890796753780276, 0.5198010423904431, 0.8540780790380926, 0.0, -0.04044133635330513, -0.8531340923831704, 0.5201218306584562, 0.0, 0.9990029965308158, -0.04437450555615684, 0.004890417067936725, 0.0, -65.42457773975025, 3.7604297308501677, 1.069862582233065, 1.0]}, "547ce01ddc5f4bbaa680c2b68b3ce9c8.joint": {"index": 9, "parentIndex": 8, "name": "mp_masterchief:b_l_upperarm", "inverseBindPose": [0.08100173123737466, -0.3008037153568157, 0.9502398877989094, 0.0, -0.12056387510846162, 0.943415283065406, 0.3089206300936392, 0.0, -0.989395306010383, -0.13958770900819173, 0.040152209633655386, 0.0, 81.90653470985836, 8.885475141791625, -10.357962534668468, 1.0]}, "7c04601a5d4f467186566e